id_ibge,nome,uf_sigla,uf_nome,regiao,POPULAÇÃO ESTIMADA
1100015,Alta Floresta D'Oeste,RO,Rondônia,Norte,22787
1100023,Ariquemes,RO,Rondônia,Norte,109170
1100031,Cabixi,RO,Rondônia,Norte,5664
1100049,Cacoal,RO,Rondônia,Norte,98280
1100056,Cerejeiras,RO,Rondônia,Norte,16966
1100064,Colorado do Oeste,RO,Rondônia,Norte,16508
1100072,Corumbiara,RO,Rondônia,Norte,7968
1100080,Costa Marques,RO,Rondônia,Norte,13510
1100098,Espigão D'Oeste,RO,Rondônia,Norte,32842
1100106,Guajará-Mirim,RO,Rondônia,Norte,43594
1100114,Jaru,RO,Rondônia,Norte,55682
1100122,Ji-Paraná,RO,Rondônia,Norte,140101
1100130,Machadinho D'Oeste,RO,Rondônia,Norte,34149
1100148,Nova Brasilândia D'Oeste,RO,Rondônia,Norte,16374
1100155,Ouro Preto do Oeste,RO,Rondônia,Norte,38684
1100189,Pimenta Bueno,RO,Rondônia,Norte,39220
1100205,Porto Velho,RO,Rondônia,Norte,517709
1100254,Presidente Médici,RO,Rondônia,Norte,20443
1100262,Rio Crespo,RO,Rondônia,Norte,3767
1100288,Rolim de Moura,RO,Rondônia,Norte,62959
1100296,Santa Luzia D'Oeste,RO,Rondônia,Norte,7837
1100304,Vilhena,RO,Rondônia,Norte,109651
1100320,São Miguel do Guaporé,RO,Rondônia,Norte,22305
1100338,Nova Mamoré,RO,Rondônia,Norte,28701
1100346,Alvorada D'Oeste,RO,Rondônia,Norte,13720
1100379,Alto Alegre dos Parecis,RO,Rondônia,Norte,12237
1100403,Alto Paraíso,RO,Rondônia,Norte,17467
1100452,Buritis,RO,Rondônia,Norte,30649
1100502,Novo Horizonte do Oeste,RO,Rondônia,Norte,7972
1100601,Cacaulândia,RO,Rondônia,Norte,4292
1100700,Campo Novo de Rondônia,RO,Rondônia,Norte,9095
1100809,Candeias do Jamari,RO,Rondônia,Norte,24313
1100908,Castanheiras,RO,Rondônia,Norte,3450
1100924,Chupinguaia,RO,Rondônia,Norte,10191
1100940,Cujubim,RO,Rondônia,Norte,15877
1101005,Governador Jorge Teixeira,RO,Rondônia,Norte,8340
1101104,Itapuã do Oeste,RO,Rondônia,Norte,9228
1101203,Ministro Andreazza,RO,Rondônia,Norte,6519
1101302,Mirante da Serra,RO,Rondônia,Norte,9657
1101401,Monte Negro,RO,Rondônia,Norte,12168
1101435,Nova União,RO,Rondônia,Norte,6541
1101450,Parecis,RO,Rondônia,Norte,4372
1101468,Pimenteiras do Oeste,RO,Rondônia,Norte,2309
1101476,Primavera de Rondônia,RO,Rondônia,Norte,3268
1101484,São Felipe D'Oeste,RO,Rondônia,Norte,5588
1101492,São Francisco do Guaporé,RO,Rondônia,Norte,17557
1101500,Seringueiras,RO,Rondônia,Norte,12965
1101559,Teixeirópolis,RO,Rondônia,Norte,4521
1101609,Theobroma,RO,Rondônia,Norte,8459
1101708,Urupá,RO,Rondônia,Norte,11314
1101757,Vale do Anari,RO,Rondônia,Norte,8220
1101807,Vale do Paraíso,RO,Rondônia,Norte,6790
1200013,Acrelândia,AC,Acre,Norte,14712
1200054,Assis Brasil,AC,Acre,Norte,8648
1200104,Brasiléia,AC,Acre,Norte,28028
1200138,Bujari,AC,Acre,Norte,13928
1200179,Capixaba,AC,Acre,Norte,10981
1200203,Cruzeiro do Sul,AC,Acre,Norte,98916
1200252,Epitaciolândia,AC,Acre,Norte,19874
1200302,Feijó,AC,Acre,Norte,37764
1200328,Jordão,AC,Acre,Norte,9884
1200336,Mâncio Lima,AC,Acre,Norte,20479
1200344,Manoel Urbano,AC,Acre,Norte,12923
1200351,Marechal Thaumaturgo,AC,Acre,Norte,18057
1200385,Plácido de Castro,AC,Acre,Norte,17107
1200393,Porto Walter,AC,Acre,Norte,11333
1200401,Rio Branco,AC,Acre,Norte,389001
1200427,Rodrigues Alves,AC,Acre,Norte,15560
1200435,Santa Rosa do Purus,AC,Acre,Norte,7217
1200450,Senador Guiomard,AC,Acre,Norte,22402
1200500,Sena Madureira,AC,Acre,Norte,44049
1200609,Tarauacá,AC,Acre,Norte,46816
1200708,Xapuri,AC,Acre,Norte,19170
1200807,Porto Acre,AC,Acre,Norte,17523
1300029,Alvarães,AM,Amazonas,Norte,16806
1300060,Amaturá,AM,Amazonas,Norte,11533
1300086,Anamã,AM,Amazonas,Norte,9981
1300102,Anori,AM,Amazonas,Norte,18056
1300144,Apuí,AM,Amazonas,Norte,21781
1300201,Atalaia do Norte,AM,Amazonas,Norte,15889
1300300,Autazes,AM,Amazonas,Norte,45960
1300409,Barcelos,AM,Amazonas,Norte,18210
1300508,Barreirinha,AM,Amazonas,Norte,33722
1300607,Benjamin Constant,AM,Amazonas,Norte,40908
1300631,Beruri,AM,Amazonas,Norte,22495
1300680,Boa Vista do Ramos,AM,Amazonas,Norte,26479
1300706,Boca do Acre,AM,Amazonas,Norte,38792
1300805,Borba,AM,Amazonas,Norte,34869
1300839,Caapiranga,AM,Amazonas,Norte,14806
1300904,Canutama,AM,Amazonas,Norte,18109
1301001,Carauari,AM,Amazonas,Norte,31130
1301100,Careiro,AM,Amazonas,Norte,32336
1301159,Careiro da Várzea,AM,Amazonas,Norte,20324
1301209,Coari,AM,Amazonas,Norte,73576
1301308,Codajás,AM,Amazonas,Norte,24572
1301407,Eirunepé,AM,Amazonas,Norte,35793
1301506,Envira,AM,Amazonas,Norte,17985
1301605,Fonte Boa,AM,Amazonas,Norte,28227
1301654,Guajará,AM,Amazonas,Norte,14344
1301704,Humaitá,AM,Amazonas,Norte,63454
1301803,Ipixuna,AM,Amazonas,Norte,25629
1301852,Iranduba,AM,Amazonas,Norte,68862
1301902,Itacoatiara,AM,Amazonas,Norte,113917
1301951,Itamarati,AM,Amazonas,Norte,11956
1302009,Itapiranga,AM,Amazonas,Norte,10955
1302108,Japurá,AM,Amazonas,Norte,9420
1302207,Juruá,AM,Amazonas,Norte,11093
1302306,Jutaí,AM,Amazonas,Norte,28202
1302405,Lábrea,AM,Amazonas,Norte,49469
1302504,Manacapuru,AM,Amazonas,Norte,111751
1302553,Manaquiri,AM,Amazonas,Norte,16211
1302603,Manaus,AM,Amazonas,Norte,2303732
1302702,Manicoré,AM,Amazonas,Norte,58018
1302801,Maraã,AM,Amazonas,Norte,15815
1302900,Maués,AM,Amazonas,Norte,66336
1303007,Nhamundá,AM,Amazonas,Norte,21251
1303106,Nova Olinda do Norte,AM,Amazonas,Norte,28123
1303205,Novo Airão,AM,Amazonas,Norte,16562
1303304,Novo Aripuanã,AM,Amazonas,Norte,25325
1303403,Parintins,AM,Amazonas,Norte,101855
1303502,Pauini,AM,Amazonas,Norte,20229
1303536,Presidente Figueiredo,AM,Amazonas,Norte,33291
1303569,Rio Preto da Eva,AM,Amazonas,Norte,25364
1303601,Santa Isabel do Rio Negro,AM,Amazonas,Norte,13947
1303700,Santo Antônio do Içá,AM,Amazonas,Norte,30679
1303809,São Gabriel da Cachoeira,AM,Amazonas,Norte,57396
1303908,São Paulo de Olivença,AM,Amazonas,Norte,35442
1303957,São Sebastião do Uatumã,AM,Amazonas,Norte,12338
1304005,Silves,AM,Amazonas,Norte,12619
1304062,Tabatinga,AM,Amazonas,Norte,73348
1304104,Tapauá,AM,Amazonas,Norte,20728
1304203,Tefé,AM,Amazonas,Norte,80137
1304237,Tonantins,AM,Amazonas,Norte,20257
1304260,Uarini,AM,Amazonas,Norte,15640
1304302,Urucará,AM,Amazonas,Norte,19617
1304401,Urucurituba,AM,Amazonas,Norte,25965
1400027,Amajari,RR,Roraima,Norte,16112
1400050,Alto Alegre,RR,Roraima,Norte,23589
1400100,Boa Vista,RR,Roraima,Norte,485477
1400159,Bonfim,RR,Roraima,Norte,15570
1400175,Cantá,RR,Roraima,Norte,21102
1400209,Caracaraí,RR,Roraima,Norte,22750
1400233,Caroebe,RR,Roraima,Norte,12004
1400282,Iracema,RR,Roraima,Norte,10937
1400308,Mucajaí,RR,Roraima,Norte,20006
1400407,Normandia,RR,Roraima,Norte,16323
1400456,Pacaraima,RR,Roraima,Norte,23112
1400472,Rorainópolis,RR,Roraima,Norte,37787
1400506,São João da Baliza,RR,Roraima,Norte,9969
1400605,São Luiz,RR,Roraima,Norte,7848
1400704,Uiramutã,RR,Roraima,Norte,16186
1500107,Abaetetuba,PA,Pará,Norte,172344
1500131,Abel Figueiredo,PA,Pará,Norte,6275
1500206,Acará,PA,Pará,Norte,63110
1500305,Afuá,PA,Pará,Norte,40473
1500347,Água Azul do Norte,PA,Pará,Norte,17596
1500404,Alenquer,PA,Pará,Norte,75882
1500503,Almeirim,PA,Pará,Norte,36442
1500602,Altamira,PA,Pará,Norte,138749
1500701,Anajás,PA,Pará,Norte,30247
1500800,Ananindeua,PA,Pará,Norte,509227
1500859,Anapu,PA,Pará,Norte,35638
1500909,Augusto Corrêa,PA,Pará,Norte,47912
1500958,Aurora do Pará,PA,Pará,Norte,24193
1501006,Aveiro,PA,Pará,Norte,19380
1501105,Bagre,PA,Pará,Norte,35147
1501204,Baião,PA,Pará,Norte,56850
1501253,Bannach,PA,Pará,Norte,4290
1501303,Barcarena,PA,Pará,Norte,139076
1501402,Belém,PA,Pará,Norte,1397315
1501451,Belterra,PA,Pará,Norte,19075
1501501,Benevides,PA,Pará,Norte,68962
1501576,Bom Jesus do Tocantins,PA,Pará,Norte,19129
1501600,Bonito,PA,Pará,Norte,12961
1501709,Bragança,PA,Pará,Norte,132489
1501725,Brasil Novo,PA,Pará,Norte,27130
1501758,Brejo Grande do Araguaia,PA,Pará,Norte,6966
1501782,Breu Branco,PA,Pará,Norte,47066
1501808,Breves,PA,Pará,Norte,116058
1501907,Bujaru,PA,Pará,Norte,25065
1501956,Cachoeira do Piriá,PA,Pará,Norte,19223
1502004,Cachoeira do Arari,PA,Pará,Norte,25467
1502103,Cametá,PA,Pará,Norte,144859
1502152,Canaã dos Carajás,PA,Pará,Norte,89524
1502202,Capanema,PA,Pará,Norte,75309
1502301,Capitão Poço,PA,Pará,Norte,60318
1502400,Castanhal,PA,Pará,Norte,209126
1502509,Chaves,PA,Pará,Norte,21501
1502608,Colares,PA,Pará,Norte,13625
1502707,Conceição do Araguaia,PA,Pará,Norte,47144
1502756,Concórdia do Pará,PA,Pará,Norte,28270
1502764,Cumaru do Norte,PA,Pará,Norte,15150
1502772,Curionópolis,PA,Pará,Norte,20975
1502806,Curralinho,PA,Pará,Norte,36814
1502855,Curuá,PA,Pará,Norte,14954
1502905,Curuçá,PA,Pará,Norte,44880
1502939,Dom Eliseu,PA,Pará,Norte,62823
1502954,Eldorado do Carajás,PA,Pará,Norte,29287
1503002,Faro,PA,Pará,Norte,9167
1503044,Floresta do Araguaia,PA,Pará,Norte,18595
1503077,Garrafão do Norte,PA,Pará,Norte,25558
1503093,Goianésia do Pará,PA,Pará,Norte,26703
1503101,Gurupá,PA,Pará,Norte,34137
1503200,Igarapé-Açu,PA,Pará,Norte,37925
1503309,Igarapé-Miri,PA,Pará,Norte,69446
1503408,Inhangapi,PA,Pará,Norte,10784
1503457,Ipixuna do Pará,PA,Pará,Norte,29264
1503507,Irituia,PA,Pará,Norte,32740
1503606,Itaituba,PA,Pará,Norte,135369
1503705,Itupiranga,PA,Pará,Norte,52201
1503754,Jacareacanga,PA,Pará,Norte,26579
1503804,Jacundá,PA,Pará,Norte,37726
1503903,Juruti,PA,Pará,Norte,54255
1504000,Limoeiro do Ajuru,PA,Pará,Norte,32088
1504059,Mãe do Rio,PA,Pará,Norte,37473
1504109,Magalhães Barata,PA,Pará,Norte,8439
1504208,Marabá,PA,Pará,Norte,290975
1504307,Maracanã,PA,Pará,Norte,27129
1504406,Marapanim,PA,Pará,Norte,28159
1504422,Marituba,PA,Pará,Norte,119437
1504455,Medicilândia,PA,Pará,Norte,28677
1504505,Melgaço,PA,Pará,Norte,30080
1504604,Mocajuba,PA,Pará,Norte,28903
1504703,Moju,PA,Pará,Norte,91760
1504752,Mojuí dos Campos,PA,Pará,Norte,25818
1504802,Monte Alegre,PA,Pará,Norte,64002
1504901,Muaná,PA,Pará,Norte,49648
1504950,Nova Esperança do Piriá,PA,Pará,Norte,21304
1504976,Nova Ipixuna,PA,Pará,Norte,14400
1505007,Nova Timboteua,PA,Pará,Norte,13175
1505031,Novo Progresso,PA,Pará,Norte,37054
1505064,Novo Repartimento,PA,Pará,Norte,63796
1505106,Óbidos,PA,Pará,Norte,55527
1505205,Oeiras do Pará,PA,Pará,Norte,36734
1505304,Oriximiná,PA,Pará,Norte,72889
1505403,Ourém,PA,Pará,Norte,18783
1505437,Ourilândia do Norte,PA,Pará,Norte,35252
1505486,Pacajá,PA,Pará,Norte,43741
1505494,Palestina do Pará,PA,Pará,Norte,7063
1505502,Paragominas,PA,Pará,Norte,113498
1505536,Parauapebas,PA,Pará,Norte,305771
1505551,Pau D'Arco,PA,Pará,Norte,7354
1505601,Peixe-Boi,PA,Pará,Norte,8686
1505635,Piçarra,PA,Pará,Norte,13366
1505650,Placas,PA,Pará,Norte,18510
1505700,Ponta de Pedras,PA,Pará,Norte,25736
1505809,Portel,PA,Pará,Norte,67580
1505908,Porto de Moz,PA,Pará,Norte,44121
1506005,Prainha,PA,Pará,Norte,38733
1506104,Primavera,PA,Pará,Norte,11379
1506112,Quatipuru,PA,Pará,Norte,11838
1506138,Redenção,PA,Pará,Norte,92694
1506161,Rio Maria,PA,Pará,Norte,19190
1506187,Rondon do Pará,PA,Pará,Norte,57031
1506195,Rurópolis,PA,Pará,Norte,37198
1506203,Salinópolis,PA,Pará,Norte,48663
1506302,Salvaterra,PA,Pará,Norte,25687
1506351,Santa Bárbara do Pará,PA,Pará,Norte,22530
1506401,Santa Cruz do Arari,PA,Pará,Norte,7626
1506500,Santa Izabel do Pará,PA,Pará,Norte,79195
1506559,Santa Luzia do Pará,PA,Pará,Norte,21295
1506583,Santa Maria das Barreiras,PA,Pará,Norte,17065
1506609,Santa Maria do Pará,PA,Pará,Norte,25815
1506708,Santana do Araguaia,PA,Pará,Norte,30455
1506807,Santarém,PA,Pará,Norte,360871
1506906,Santarém Novo,PA,Pará,Norte,6355
1507003,Santo Antônio do Tauá,PA,Pará,Norte,29234
1507102,São Caetano de Odivelas,PA,Pará,Norte,17258
1507151,São Domingos do Araguaia,PA,Pará,Norte,21555
1507201,São Domingos do Capim,PA,Pará,Norte,32554
1507300,São Félix do Xingu,PA,Pará,Norte,64651
1507409,São Francisco do Pará,PA,Pará,Norte,15429
1507458,São Geraldo do Araguaia,PA,Pará,Norte,24929
1507466,São João da Ponta,PA,Pará,Norte,4470
1507474,São João de Pirabas,PA,Pará,Norte,21477
1507508,São João do Araguaia,PA,Pará,Norte,14293
1507607,São Miguel do Guamá,PA,Pará,Norte,55970
1507706,São Sebastião da Boa Vista,PA,Pará,Norte,27651
1507755,Sapucaia,PA,Pará,Norte,6212
1507805,Senador José Porfírio,PA,Pará,Norte,24989
1507904,Soure,PA,Pará,Norte,25315
1507953,Tailândia,PA,Pará,Norte,75290
1507961,Terra Alta,PA,Pará,Norte,10837
1507979,Terra Santa,PA,Pará,Norte,19792
1508001,Tomé-Açu,PA,Pará,Norte,73058
1508035,Tracuateua,PA,Pará,Norte,30494
1508050,Trairão,PA,Pará,Norte,15550
1508084,Tucumã,PA,Pará,Norte,42883
1508100,Tucuruí,PA,Pará,Norte,96119
1508126,Ulianópolis,PA,Pará,Norte,39360
1508159,Uruará,PA,Pará,Norte,45962
1508209,Vigia,PA,Pará,Norte,54062
1508308,Viseu,PA,Pará,Norte,62189
1508357,Vitória do Xingu,PA,Pará,Norte,16552
1508407,Xinguara,PA,Pará,Norte,57768
1600055,Serra do Navio,AP,Amapá,Norte,5003
1600105,Amapá,AP,Amapá,Norte,8440
1600154,Pedra Branca do Amapari,AP,Amapá,Norte,13888
1600204,Calçoene,AP,Amapá,Norte,11461
1600212,Cutias,AP,Amapá,Norte,4723
1600238,Ferreira Gomes,AP,Amapá,Norte,7184
1600253,Itaubal,AP,Amapá,Norte,6097
1600279,Laranjal do Jari,AP,Amapá,Norte,37872
1600303,Macapá,AP,Amapá,Norte,489676
1600402,Mazagão,AP,Amapá,Norte,23773
1600501,Oiapoque,AP,Amapá,Norte,30786
1600535,Porto Grande,AP,Amapá,Norte,19048
1600550,Pracuúba,AP,Amapá,Norte,4048
1600600,Santana,AP,Amapá,Norte,118803
1600709,Tartarugalzinho,AP,Amapá,Norte,13816
1600808,Vitória do Jari,AP,Amapá,Norte,11899
1700251,Abreulândia,TO,Tocantins,Norte,2682
1700301,Aguiarnópolis,TO,Tocantins,Norte,4502
1700350,Aliança do Tocantins,TO,Tocantins,Norte,5196
1700400,Almas,TO,Tocantins,Norte,6483
1700707,Alvorada,TO,Tocantins,Norte,9128
1701002,Ananás,TO,Tocantins,Norte,10700
1701051,Angico,TO,Tocantins,Norte,2903
1701101,Aparecida do Rio Negro,TO,Tocantins,Norte,5110
1701309,Aragominas,TO,Tocantins,Norte,5330
1701903,Araguacema,TO,Tocantins,Norte,6022
1702000,Araguaçu,TO,Tocantins,Norte,8242
1702109,Araguaína,TO,Tocantins,Norte,183024
1702158,Araguanã,TO,Tocantins,Norte,4300
1702208,Araguatins,TO,Tocantins,Norte,33286
1702307,Arapoema,TO,Tocantins,Norte,5488
1702406,Arraias,TO,Tocantins,Norte,10511
1702554,Augustinópolis,TO,Tocantins,Norte,18237
1702703,Aurora do Tocantins,TO,Tocantins,Norte,3418
1702901,Axixá do Tocantins,TO,Tocantins,Norte,10732
1703008,Babaçulândia,TO,Tocantins,Norte,7636
1703057,Bandeirantes do Tocantins,TO,Tocantins,Norte,3555
1703073,Barra do Ouro,TO,Tocantins,Norte,4667
1703107,Barrolândia,TO,Tocantins,Norte,4890
1703206,Bernardo Sayão,TO,Tocantins,Norte,4307
1703305,Bom Jesus do Tocantins,TO,Tocantins,Norte,4201
1703602,Brasilândia do Tocantins,TO,Tocantins,Norte,2013
1703701,Brejinho de Nazaré,TO,Tocantins,Norte,4774
1703800,Buriti do Tocantins,TO,Tocantins,Norte,10696
1703826,Cachoeirinha,TO,Tocantins,Norte,1982
1703842,Campos Lindos,TO,Tocantins,Norte,8990
1703867,Cariri do Tocantins,TO,Tocantins,Norte,4166
1703883,Carmolândia,TO,Tocantins,Norte,2242
1703891,Carrasco Bonito,TO,Tocantins,Norte,3344
1703909,Caseara,TO,Tocantins,Norte,5028
1704105,Centenário,TO,Tocantins,Norte,2111
1704600,Chapada de Areia,TO,Tocantins,Norte,1574
1705102,Chapada da Natividade,TO,Tocantins,Norte,3176
1705508,Colinas do Tocantins,TO,Tocantins,Norte,36209
1705557,Combinado,TO,Tocantins,Norte,4906
1705607,Conceição do Tocantins,TO,Tocantins,Norte,3942
1706001,Couto Magalhães,TO,Tocantins,Norte,5540
1706100,Cristalândia,TO,Tocantins,Norte,6392
1706258,Crixás do Tocantins,TO,Tocantins,Norte,1494
1706506,Darcinópolis,TO,Tocantins,Norte,6093
1707009,Dianópolis,TO,Tocantins,Norte,17966
1707108,Divinópolis do Tocantins,TO,Tocantins,Norte,7343
1707207,Dois Irmãos do Tocantins,TO,Tocantins,Norte,6352
1707306,Dueré,TO,Tocantins,Norte,4304
1707405,Esperantina,TO,Tocantins,Norte,7385
1707553,Fátima,TO,Tocantins,Norte,3503
1707652,Figueirópolis,TO,Tocantins,Norte,5334
1707702,Filadélfia,TO,Tocantins,Norte,7784
1708205,Formoso do Araguaia,TO,Tocantins,Norte,19473
1708254,Tabocão,TO,Tocantins,Norte,3741
1708304,Goianorte,TO,Tocantins,Norte,4832
1709005,Goiatins,TO,Tocantins,Norte,12851
1709302,Guaraí,TO,Tocantins,Norte,25831
1709500,Gurupi,TO,Tocantins,Norte,90209
1709807,Ipueiras,TO,Tocantins,Norte,1626
1710508,Itacajá,TO,Tocantins,Norte,6959
1710706,Itaguatins,TO,Tocantins,Norte,5160
1710904,Itapiratins,TO,Tocantins,Norte,3685
1711100,Itaporã do Tocantins,TO,Tocantins,Norte,2464
1711506,Jaú do Tocantins,TO,Tocantins,Norte,3396
1711803,Juarina,TO,Tocantins,Norte,2308
1711902,Lagoa da Confusão,TO,Tocantins,Norte,16629
1711951,Lagoa do Tocantins,TO,Tocantins,Norte,3613
1712009,Lajeado,TO,Tocantins,Norte,3559
1712157,Lavandeira,TO,Tocantins,Norte,1676
1712405,Lizarda,TO,Tocantins,Norte,2950
1712454,Luzinópolis,TO,Tocantins,Norte,2811
1712504,Marianópolis do Tocantins,TO,Tocantins,Norte,4793
1712702,Mateiros,TO,Tocantins,Norte,2922
1712801,Maurilândia do Tocantins,TO,Tocantins,Norte,3171
1713205,Miracema do Tocantins,TO,Tocantins,Norte,18679
1713304,Miranorte,TO,Tocantins,Norte,13073
1713601,Monte do Carmo,TO,Tocantins,Norte,5667
1713700,Monte Santo do Tocantins,TO,Tocantins,Norte,2521
1713809,Palmeiras do Tocantins,TO,Tocantins,Norte,4850
1713957,Muricilândia,TO,Tocantins,Norte,3501
1714203,Natividade,TO,Tocantins,Norte,8956
1714302,Nazaré,TO,Tocantins,Norte,4672
1714880,Nova Olinda,TO,Tocantins,Norte,10600
1715002,Nova Rosalândia,TO,Tocantins,Norte,3382
1715101,Novo Acordo,TO,Tocantins,Norte,4118
1715150,Novo Alegre,TO,Tocantins,Norte,1817
1715259,Novo Jardim,TO,Tocantins,Norte,2251
1715507,Oliveira de Fátima,TO,Tocantins,Norte,1220
1715705,Palmeirante,TO,Tocantins,Norte,4905
1715754,Palmeirópolis,TO,Tocantins,Norte,7104
1716109,Paraíso do Tocantins,TO,Tocantins,Norte,55704
1716208,Paranã,TO,Tocantins,Norte,10877
1716307,Pau D'Arco,TO,Tocantins,Norte,4057
1716505,Pedro Afonso,TO,Tocantins,Norte,14895
1716604,Peixe,TO,Tocantins,Norte,9384
1716653,Pequizeiro,TO,Tocantins,Norte,5035
1716703,Colméia,TO,Tocantins,Norte,9155
1717008,Pindorama do Tocantins,TO,Tocantins,Norte,4599
1717206,Piraquê,TO,Tocantins,Norte,2229
1717503,Pium,TO,Tocantins,Norte,7408
1717800,Ponte Alta do Bom Jesus,TO,Tocantins,Norte,4280
1717909,Ponte Alta do Tocantins,TO,Tocantins,Norte,7874
1718006,Porto Alegre do Tocantins,TO,Tocantins,Norte,2960
1718204,Porto Nacional,TO,Tocantins,Norte,69551
1718303,Praia Norte,TO,Tocantins,Norte,9552
1718402,Presidente Kennedy,TO,Tocantins,Norte,3016
1718451,Pugmil,TO,Tocantins,Norte,2223
1718501,Recursolândia,TO,Tocantins,Norte,3454
1718550,Riachinho,TO,Tocantins,Norte,4029
1718659,Rio da Conceição,TO,Tocantins,Norte,1827
1718709,Rio dos Bois,TO,Tocantins,Norte,2845
1718758,Rio Sono,TO,Tocantins,Norte,4718
1718808,Sampaio,TO,Tocantins,Norte,4397
1718840,Sandolândia,TO,Tocantins,Norte,3900
1718865,Santa Fé do Araguaia,TO,Tocantins,Norte,7533
1718881,Santa Maria do Tocantins,TO,Tocantins,Norte,2716
1718899,Santa Rita do Tocantins,TO,Tocantins,Norte,2299
1718907,Santa Rosa do Tocantins,TO,Tocantins,Norte,4799
1719004,Santa Tereza do Tocantins,TO,Tocantins,Norte,2907
1720002,Santa Terezinha do Tocantins,TO,Tocantins,Norte,2461
1720101,São Bento do Tocantins,TO,Tocantins,Norte,6004
1720150,São Félix do Tocantins,TO,Tocantins,Norte,1897
1720200,São Miguel do Tocantins,TO,Tocantins,Norte,14116
1720259,São Salvador do Tocantins,TO,Tocantins,Norte,2356
1720309,São Sebastião do Tocantins,TO,Tocantins,Norte,4182
1720499,São Valério,TO,Tocantins,Norte,4554
1720655,Silvanópolis,TO,Tocantins,Norte,5259
1720804,Sítio Novo do Tocantins,TO,Tocantins,Norte,11446
1720853,Sucupira,TO,Tocantins,Norte,1591
1720903,Taguatinga,TO,Tocantins,Norte,14199
1720937,Taipas do Tocantins,TO,Tocantins,Norte,2092
1720978,Talismã,TO,Tocantins,Norte,2505
1721000,Palmas,TO,Tocantins,Norte,328499
1721109,Tocantínia,TO,Tocantins,Norte,7802
1721208,Tocantinópolis,TO,Tocantins,Norte,23225
1721257,Tupirama,TO,Tocantins,Norte,2024
1721307,Tupiratins,TO,Tocantins,Norte,1886
1722081,Wanderlândia,TO,Tocantins,Norte,10734
1722107,Xambioá,TO,Tocantins,Norte,10636
2100055,Açailândia,MA,Maranhão,Nordeste,110611
2100105,Afonso Cunha,MA,Maranhão,Nordeste,6303
2100154,Água Doce do Maranhão,MA,Maranhão,Nordeste,12461
2100204,Alcântara,MA,Maranhão,Nordeste,18721
2100303,Aldeias Altas,MA,Maranhão,Nordeste,23776
2100402,Altamira do Maranhão,MA,Maranhão,Nordeste,6549
2100436,Alto Alegre do Maranhão,MA,Maranhão,Nordeste,24528
2100477,Alto Alegre do Pindaré,MA,Maranhão,Nordeste,26321
2100501,Alto Parnaíba,MA,Maranhão,Nordeste,11392
2100550,Amapá do Maranhão,MA,Maranhão,Nordeste,7380
2100600,Amarante do Maranhão,MA,Maranhão,Nordeste,38335
2100709,Anajatuba,MA,Maranhão,Nordeste,26250
2100808,Anapurus,MA,Maranhão,Nordeste,14113
2100832,Apicum-Açu,MA,Maranhão,Nordeste,18033
2100873,Araguanã,MA,Maranhão,Nordeste,11297
2100907,Araioses,MA,Maranhão,Nordeste,40231
2100956,Arame,MA,Maranhão,Nordeste,26089
2101004,Arari,MA,Maranhão,Nordeste,30555
2101103,Axixá,MA,Maranhão,Nordeste,12091
2101202,Bacabal,MA,Maranhão,Nordeste,107755
2101251,Bacabeira,MA,Maranhão,Nordeste,17459
2101301,Bacuri,MA,Maranhão,Nordeste,16591
2101350,Bacurituba,MA,Maranhão,Nordeste,5375
2101400,Balsas,MA,Maranhão,Nordeste,105974
2101509,Barão de Grajaú,MA,Maranhão,Nordeste,19493
2101608,Barra do Corda,MA,Maranhão,Nordeste,87757
2101707,Barreirinhas,MA,Maranhão,Nordeste,68234
2101731,Belágua,MA,Maranhão,Nordeste,8751
2101772,Bela Vista do Maranhão,MA,Maranhão,Nordeste,12104
2101806,Benedito Leite,MA,Maranhão,Nordeste,5599
2101905,Bequimão,MA,Maranhão,Nordeste,19968
2101939,Bernardo do Mearim,MA,Maranhão,Nordeste,5989
2101970,Boa Vista do Gurupi,MA,Maranhão,Nordeste,7781
2102002,Bom Jardim,MA,Maranhão,Nordeste,33936
2102036,Bom Jesus das Selvas,MA,Maranhão,Nordeste,29606
2102077,Bom Lugar,MA,Maranhão,Nordeste,12371
2102101,Brejo,MA,Maranhão,Nordeste,35354
2102150,Brejo de Areia,MA,Maranhão,Nordeste,9363
2102200,Buriti,MA,Maranhão,Nordeste,30866
2102309,Buriti Bravo,MA,Maranhão,Nordeste,22938
2102325,Buriticupu,MA,Maranhão,Nordeste,56733
2102358,Buritirana,MA,Maranhão,Nordeste,13125
2102374,Cachoeira Grande,MA,Maranhão,Nordeste,10032
2102408,Cajapió,MA,Maranhão,Nordeste,10336
2102507,Cajari,MA,Maranhão,Nordeste,16680
2102556,Campestre do Maranhão,MA,Maranhão,Nordeste,12536
2102606,Cândido Mendes,MA,Maranhão,Nordeste,20440
2102705,Cantanhede,MA,Maranhão,Nordeste,25059
2102754,Capinzal do Norte,MA,Maranhão,Nordeste,11681
2102804,Carolina,MA,Maranhão,Nordeste,24619
2102903,Carutapera,MA,Maranhão,Nordeste,24906
2103000,Caxias,MA,Maranhão,Nordeste,163546
2103109,Cedral,MA,Maranhão,Nordeste,10446
2103125,Central do Maranhão,MA,Maranhão,Nordeste,7220
2103158,Centro do Guilherme,MA,Maranhão,Nordeste,12693
2103174,Centro Novo do Maranhão,MA,Maranhão,Nordeste,16477
2103208,Chapadinha,MA,Maranhão,Nordeste,84395
2103257,Cidelândia,MA,Maranhão,Nordeste,13141
2103307,Codó,MA,Maranhão,Nordeste,118283
2103406,Coelho Neto,MA,Maranhão,Nordeste,42841
2103505,Colinas,MA,Maranhão,Nordeste,41788
2103554,Conceição do Lago-Açu,MA,Maranhão,Nordeste,15278
2103604,Coroatá,MA,Maranhão,Nordeste,61337
2103703,Cururupu,MA,Maranhão,Nordeste,32602
2103752,Davinópolis,MA,Maranhão,Nordeste,14828
2103802,Dom Pedro,MA,Maranhão,Nordeste,23594
2103901,Duque Bacelar,MA,Maranhão,Nordeste,10443
2104008,Esperantinópolis,MA,Maranhão,Nordeste,18734
2104057,Estreito,MA,Maranhão,Nordeste,34321
2104073,Feira Nova do Maranhão,MA,Maranhão,Nordeste,8237
2104081,Fernando Falcão,MA,Maranhão,Nordeste,11219
2104099,Formosa da Serra Negra,MA,Maranhão,Nordeste,18150
2104107,Fortaleza dos Nogueiras,MA,Maranhão,Nordeste,12963
2104206,Fortuna,MA,Maranhão,Nordeste,17347
2104305,Godofredo Viana,MA,Maranhão,Nordeste,10424
2104404,Gonçalves Dias,MA,Maranhão,Nordeste,17580
2104503,Governador Archer,MA,Maranhão,Nordeste,10476
2104552,Governador Edison Lobão,MA,Maranhão,Nordeste,18963
2104602,Governador Eugênio Barros,MA,Maranhão,Nordeste,14264
2104628,Governador Luiz Rocha,MA,Maranhão,Nordeste,7216
2104651,Governador Newton Bello,MA,Maranhão,Nordeste,10993
2104677,Governador Nunes Freire,MA,Maranhão,Nordeste,23526
2104701,Graça Aranha,MA,Maranhão,Nordeste,6160
2104800,Grajaú,MA,Maranhão,Nordeste,76837
2104909,Guimarães,MA,Maranhão,Nordeste,10439
2105005,Humberto de Campos,MA,Maranhão,Nordeste,26550
2105104,Icatu,MA,Maranhão,Nordeste,25332
2105153,Igarapé do Meio,MA,Maranhão,Nordeste,14383
2105203,Igarapé Grande,MA,Maranhão,Nordeste,10461
2105302,Imperatriz,MA,Maranhão,Nordeste,285806
2105351,Itaipava do Grajaú,MA,Maranhão,Nordeste,14142
2105401,Itapecuru Mirim,MA,Maranhão,Nordeste,62264
2105427,Itinga do Maranhão,MA,Maranhão,Nordeste,22896
2105450,Jatobá,MA,Maranhão,Nordeste,7593
2105476,Jenipapo dos Vieiras,MA,Maranhão,Nordeste,17529
2105500,João Lisboa,MA,Maranhão,Nordeste,25311
2105609,Joselândia,MA,Maranhão,Nordeste,15227
2105658,Junco do Maranhão,MA,Maranhão,Nordeste,5282
2105708,Lago da Pedra,MA,Maranhão,Nordeste,45865
2105807,Lago do Junco,MA,Maranhão,Nordeste,9687
2105906,Lago Verde,MA,Maranhão,Nordeste,15069
2105922,Lagoa do Mato,MA,Maranhão,Nordeste,10806
2105948,Lago dos Rodrigues,MA,Maranhão,Nordeste,8962
2105963,Lagoa Grande do Maranhão,MA,Maranhão,Nordeste,11731
2105989,Lajeado Novo,MA,Maranhão,Nordeste,7232
2106003,Lima Campos,MA,Maranhão,Nordeste,11559
2106102,Loreto,MA,Maranhão,Nordeste,11884
2106201,Luís Domingues,MA,Maranhão,Nordeste,7366
2106300,Magalhães de Almeida,MA,Maranhão,Nordeste,13933
2106326,Maracaçumé,MA,Maranhão,Nordeste,21730
2106359,Marajá do Sena,MA,Maranhão,Nordeste,7153
2106375,Maranhãozinho,MA,Maranhão,Nordeste,14092
2106409,Mata Roma,MA,Maranhão,Nordeste,17581
2106508,Matinha,MA,Maranhão,Nordeste,22540
2106607,Matões,MA,Maranhão,Nordeste,33327
2106631,Matões do Norte,MA,Maranhão,Nordeste,18021
2106672,Milagres do Maranhão,MA,Maranhão,Nordeste,9065
2106706,Mirador,MA,Maranhão,Nordeste,21536
2106755,Miranda do Norte,MA,Maranhão,Nordeste,24373
2106805,Mirinzal,MA,Maranhão,Nordeste,14298
2106904,Monção,MA,Maranhão,Nordeste,28563
2107001,Montes Altos,MA,Maranhão,Nordeste,9306
2107100,Morros,MA,Maranhão,Nordeste,19015
2107209,Nina Rodrigues,MA,Maranhão,Nordeste,14589
2107258,Nova Colinas,MA,Maranhão,Nordeste,5148
2107308,Nova Iorque,MA,Maranhão,Nordeste,4409
2107357,Nova Olinda do Maranhão,MA,Maranhão,Nordeste,14379
2107407,Olho d'Água das Cunhãs,MA,Maranhão,Nordeste,18288
2107456,Olinda Nova do Maranhão,MA,Maranhão,Nordeste,13921
2107506,Paço do Lumiar,MA,Maranhão,Nordeste,153158
2107605,Palmeirândia,MA,Maranhão,Nordeste,21657
2107704,Paraibano,MA,Maranhão,Nordeste,18589
2107803,Parnarama,MA,Maranhão,Nordeste,32232
2107902,Passagem Franca,MA,Maranhão,Nordeste,17591
2108009,Pastos Bons,MA,Maranhão,Nordeste,19266
2108058,Paulino Neves,MA,Maranhão,Nordeste,17578
2108108,Paulo Ramos,MA,Maranhão,Nordeste,20798
2108207,Pedreiras,MA,Maranhão,Nordeste,38252
2108256,Pedro do Rosário,MA,Maranhão,Nordeste,24955
2108306,Penalva,MA,Maranhão,Nordeste,33496
2108405,Peri Mirim,MA,Maranhão,Nordeste,11229
2108454,Peritoró,MA,Maranhão,Nordeste,20903
2108504,Pindaré-Mirim,MA,Maranhão,Nordeste,32542
2108603,Pinheiro,MA,Maranhão,Nordeste,88091
2108702,Pio XII,MA,Maranhão,Nordeste,22374
2108801,Pirapemas,MA,Maranhão,Nordeste,18132
2108900,Poção de Pedras,MA,Maranhão,Nordeste,17394
2109007,Porto Franco,MA,Maranhão,Nordeste,24571
2109056,Porto Rico do Maranhão,MA,Maranhão,Nordeste,6092
2109106,Presidente Dutra,MA,Maranhão,Nordeste,46606
2109205,Presidente Juscelino,MA,Maranhão,Nordeste,11616
2109239,Presidente Médici,MA,Maranhão,Nordeste,4717
2109270,Presidente Sarney,MA,Maranhão,Nordeste,17925
2109304,Presidente Vargas,MA,Maranhão,Nordeste,10791
2109403,Primeira Cruz,MA,Maranhão,Nordeste,13920
2109452,Raposa,MA,Maranhão,Nordeste,32156
2109502,Riachão,MA,Maranhão,Nordeste,22740
2109551,Ribamar Fiquene,MA,Maranhão,Nordeste,7601
2109601,Rosário,MA,Maranhão,Nordeste,39761
2109700,Sambaíba,MA,Maranhão,Nordeste,6234
2109759,Santa Filomena do Maranhão,MA,Maranhão,Nordeste,6833
2109809,Santa Helena,MA,Maranhão,Nordeste,43200
2109908,Santa Inês,MA,Maranhão,Nordeste,88249
2110005,Santa Luzia,MA,Maranhão,Nordeste,58839
2110039,Santa Luzia do Paruá,MA,Maranhão,Nordeste,24890
2110104,Santa Quitéria do Maranhão,MA,Maranhão,Nordeste,24495
2110203,Santa Rita,MA,Maranhão,Nordeste,38542
2110237,Santana do Maranhão,MA,Maranhão,Nordeste,10759
2110278,Santo Amaro do Maranhão,MA,Maranhão,Nordeste,14287
2110302,Santo Antônio dos Lopes,MA,Maranhão,Nordeste,14628
2110401,São Benedito do Rio Preto,MA,Maranhão,Nordeste,18810
2110500,São Bento,MA,Maranhão,Nordeste,48166
2110609,São Bernardo,MA,Maranhão,Nordeste,27910
2110658,São Domingos do Azeitão,MA,Maranhão,Nordeste,8236
2110708,São Domingos do Maranhão,MA,Maranhão,Nordeste,35247
2110807,São Félix de Balsas,MA,Maranhão,Nordeste,4491
2110856,São Francisco do Brejão,MA,Maranhão,Nordeste,9202
2110906,São Francisco do Maranhão,MA,Maranhão,Nordeste,12360
2111003,São João Batista,MA,Maranhão,Nordeste,18889
2111029,São João do Carú,MA,Maranhão,Nordeste,12360
2111052,São João do Paraíso,MA,Maranhão,Nordeste,10091
2111078,São João do Soter,MA,Maranhão,Nordeste,17253
2111102,São João dos Patos,MA,Maranhão,Nordeste,25910
2111201,São José de Ribamar,MA,Maranhão,Nordeste,259164
2111250,São José dos Basílios,MA,Maranhão,Nordeste,7094
2111300,São Luís,MA,Maranhão,Nordeste,1089215
2111409,São Luís Gonzaga do Maranhão,MA,Maranhão,Nordeste,18123
2111508,São Mateus do Maranhão,MA,Maranhão,Nordeste,40177
2111532,São Pedro da Água Branca,MA,Maranhão,Nordeste,14786
2111573,São Pedro dos Crentes,MA,Maranhão,Nordeste,5993
2111607,São Raimundo das Mangabeiras,MA,Maranhão,Nordeste,19158
2111631,São Raimundo do Doca Bezerra,MA,Maranhão,Nordeste,5761
2111672,São Roberto,MA,Maranhão,Nordeste,4577
2111706,São Vicente Ferrer,MA,Maranhão,Nordeste,19865
2111722,Satubinha,MA,Maranhão,Nordeste,8821
2111748,Senador Alexandre Costa,MA,Maranhão,Nordeste,10447
2111763,Senador La Rocque,MA,Maranhão,Nordeste,15044
2111789,Serrano do Maranhão,MA,Maranhão,Nordeste,10475
2111805,Sítio Novo,MA,Maranhão,Nordeste,17464
2111904,Sucupira do Norte,MA,Maranhão,Nordeste,10471
2111953,Sucupira do Riachão,MA,Maranhão,Nordeste,5081
2112001,Tasso Fragoso,MA,Maranhão,Nordeste,9130
2112100,Timbiras,MA,Maranhão,Nordeste,27328
2112209,Timon,MA,Maranhão,Nordeste,182711
2112233,Trizidela do Vale,MA,Maranhão,Nordeste,23097
2112274,Tufilândia,MA,Maranhão,Nordeste,5633
2112308,Tuntum,MA,Maranhão,Nordeste,37364
2112407,Turiaçu,MA,Maranhão,Nordeste,38993
2112456,Turilândia,MA,Maranhão,Nordeste,33219
2112506,Tutóia,MA,Maranhão,Nordeste,55076
2112605,Urbano Santos,MA,Maranhão,Nordeste,34143
2112704,Vargem Grande,MA,Maranhão,Nordeste,44444
2112803,Viana,MA,Maranhão,Nordeste,53176
2112852,Vila Nova dos Martírios,MA,Maranhão,Nordeste,10561
2112902,Vitória do Mearim,MA,Maranhão,Nordeste,31859
2113009,Vitorino Freire,MA,Maranhão,Nordeste,31920
2114007,Zé Doca,MA,Maranhão,Nordeste,41815
2200053,Acauã,PI,Piauí,Nordeste,6323
2200103,Agricolândia,PI,Piauí,Nordeste,5016
2200202,Água Branca,PI,Piauí,Nordeste,18095
2200251,Alagoinha do Piauí,PI,Piauí,Nordeste,6876
2200277,Alegrete do Piauí,PI,Piauí,Nordeste,4707
2200301,Alto Longá,PI,Piauí,Nordeste,13729
2200400,Altos,PI,Piauí,Nordeste,50094
2200459,Alvorada do Gurguéia,PI,Piauí,Nordeste,5474
2200509,Amarante,PI,Piauí,Nordeste,17594
2200608,Angical do Piauí,PI,Piauí,Nordeste,6991
2200707,Anísio de Abreu,PI,Piauí,Nordeste,9649
2200806,Antônio Almeida,PI,Piauí,Nordeste,3234
2200905,Aroazes,PI,Piauí,Nordeste,5413
2200954,Aroeiras do Itaim,PI,Piauí,Nordeste,2777
2201002,Arraial,PI,Piauí,Nordeste,4517
2201051,Assunção do Piauí,PI,Piauí,Nordeste,7596
2201101,Avelino Lopes,PI,Piauí,Nordeste,11118
2201150,Baixa Grande do Ribeiro,PI,Piauí,Nordeste,13983
2201176,Barra D'Alcântara,PI,Piauí,Nordeste,4099
2201200,Barras,PI,Piauí,Nordeste,49703
2201309,Barreiras do Piauí,PI,Piauí,Nordeste,3336
2201408,Barro Duro,PI,Piauí,Nordeste,6731
2201507,Batalha,PI,Piauí,Nordeste,27129
2201556,Bela Vista do Piauí,PI,Piauí,Nordeste,4225
2201572,Belém do Piauí,PI,Piauí,Nordeste,3515
2201606,Beneditinos,PI,Piauí,Nordeste,10093
2201705,Bertolínia,PI,Piauí,Nordeste,5715
2201739,Betânia do Piauí,PI,Piauí,Nordeste,6596
2201770,Boa Hora,PI,Piauí,Nordeste,7140
2201804,Bocaina,PI,Piauí,Nordeste,4118
2201903,Bom Jesus,PI,Piauí,Nordeste,30658
2201919,Bom Princípio do Piauí,PI,Piauí,Nordeste,5805
2201929,Bonfim do Piauí,PI,Piauí,Nordeste,6117
2201945,Boqueirão do Piauí,PI,Piauí,Nordeste,6751
2201960,Brasileira,PI,Piauí,Nordeste,8684
2201988,Brejo do Piauí,PI,Piauí,Nordeste,3964
2202000,Buriti dos Lopes,PI,Piauí,Nordeste,20130
2202026,Buriti dos Montes,PI,Piauí,Nordeste,7517
2202059,Cabeceiras do Piauí,PI,Piauí,Nordeste,10466
2202075,Cajazeiras do Piauí,PI,Piauí,Nordeste,3135
2202083,Cajueiro da Praia,PI,Piauí,Nordeste,8246
2202091,Caldeirão Grande do Piauí,PI,Piauí,Nordeste,5602
2202109,Campinas do Piauí,PI,Piauí,Nordeste,4964
2202117,Campo Alegre do Fidalgo,PI,Piauí,Nordeste,4698
2202133,Campo Grande do Piauí,PI,Piauí,Nordeste,6211
2202174,Campo Largo do Piauí,PI,Piauí,Nordeste,7669
2202208,Campo Maior,PI,Piauí,Nordeste,47119
2202251,Canavieira,PI,Piauí,Nordeste,3404
2202307,Canto do Buriti,PI,Piauí,Nordeste,19639
2202406,Capitão de Campos,PI,Piauí,Nordeste,11362
2202455,Capitão Gervásio Oliveira,PI,Piauí,Nordeste,4071
2202505,Caracol,PI,Piauí,Nordeste,10546
2202539,Caraúbas do Piauí,PI,Piauí,Nordeste,5581
2202554,Caridade do Piauí,PI,Piauí,Nordeste,5176
2202604,Castelo do Piauí,PI,Piauí,Nordeste,19669
2202653,Caxingó,PI,Piauí,Nordeste,5682
2202703,Cocal,PI,Piauí,Nordeste,29302
2202711,Cocal de Telha,PI,Piauí,Nordeste,5046
2202729,Cocal dos Alves,PI,Piauí,Nordeste,6596
2202737,Coivaras,PI,Piauí,Nordeste,4249
2202752,Colônia do Gurguéia,PI,Piauí,Nordeste,6294
2202778,Colônia do Piauí,PI,Piauí,Nordeste,7067
2202802,Conceição do Canindé,PI,Piauí,Nordeste,5078
2202851,Coronel José Dias,PI,Piauí,Nordeste,4291
2202901,Corrente,PI,Piauí,Nordeste,28381
2203008,Cristalândia do Piauí,PI,Piauí,Nordeste,7431
2203107,Cristino Castro,PI,Piauí,Nordeste,10801
2203206,Curimatá,PI,Piauí,Nordeste,11581
2203230,Currais,PI,Piauí,Nordeste,4977
2203255,Curralinhos,PI,Piauí,Nordeste,4555
2203271,Curral Novo do Piauí,PI,Piauí,Nordeste,5191
2203305,Demerval Lobão,PI,Piauí,Nordeste,17139
2203354,Dirceu Arcoverde,PI,Piauí,Nordeste,7259
2203404,Dom Expedito Lopes,PI,Piauí,Nordeste,6410
2203420,Domingos Mourão,PI,Piauí,Nordeste,4129
2203453,Dom Inocêncio,PI,Piauí,Nordeste,9332
2203503,Elesbão Veloso,PI,Piauí,Nordeste,13743
2203602,Eliseu Martins,PI,Piauí,Nordeste,4421
2203701,Esperantina,PI,Piauí,Nordeste,42710
2203750,Fartura do Piauí,PI,Piauí,Nordeste,5426
2203800,Flores do Piauí,PI,Piauí,Nordeste,4512
2203859,Floresta do Piauí,PI,Piauí,Nordeste,2354
2203909,Floriano,PI,Piauí,Nordeste,64393
2204006,Francinópolis,PI,Piauí,Nordeste,4481
2204105,Francisco Ayres,PI,Piauí,Nordeste,4548
2204154,Francisco Macedo,PI,Piauí,Nordeste,2985
2204204,Francisco Santos,PI,Piauí,Nordeste,8349
2204303,Fronteiras,PI,Piauí,Nordeste,10344
2204352,Geminiano,PI,Piauí,Nordeste,5604
2204402,Gilbués,PI,Piauí,Nordeste,11193
2204501,Guadalupe,PI,Piauí,Nordeste,10480
2204550,Guaribas,PI,Piauí,Nordeste,4344
2204600,Hugo Napoleão,PI,Piauí,Nordeste,3550
2204659,Ilha Grande,PI,Piauí,Nordeste,9522
2204709,Inhuma,PI,Piauí,Nordeste,15268
2204808,Ipiranga do Piauí,PI,Piauí,Nordeste,9627
2204907,Isaías Coelho,PI,Piauí,Nordeste,7867
2205003,Itainópolis,PI,Piauí,Nordeste,10969
2205102,Itaueira,PI,Piauí,Nordeste,10477
2205151,Jacobina do Piauí,PI,Piauí,Nordeste,5711
2205201,Jaicós,PI,Piauí,Nordeste,17789
2205250,Jardim do Mulato,PI,Piauí,Nordeste,4235
2205276,Jatobá do Piauí,PI,Piauí,Nordeste,4560
2205300,Jerumenha,PI,Piauí,Nordeste,4606
2205359,João Costa,PI,Piauí,Nordeste,3033
2205409,Joaquim Pires,PI,Piauí,Nordeste,14265
2205458,Joca Marques,PI,Piauí,Nordeste,5552
2205508,José de Freitas,PI,Piauí,Nordeste,44689
2205516,Juazeiro do Piauí,PI,Piauí,Nordeste,5308
2205524,Júlio Borges,PI,Piauí,Nordeste,5501
2205532,Jurema,PI,Piauí,Nordeste,4501
2205540,Lagoinha do Piauí,PI,Piauí,Nordeste,3044
2205557,Lagoa Alegre,PI,Piauí,Nordeste,8464
2205565,Lagoa do Barro do Piauí,PI,Piauí,Nordeste,5171
2205573,Lagoa de São Francisco,PI,Piauí,Nordeste,6446
2205581,Lagoa do Piauí,PI,Piauí,Nordeste,5017
2205599,Lagoa do Sítio,PI,Piauí,Nordeste,4559
2205607,Landri Sales,PI,Piauí,Nordeste,5309
2205706,Luís Correia,PI,Piauí,Nordeste,31901
2205805,Luzilândia,PI,Piauí,Nordeste,26143
2205854,Madeiro,PI,Piauí,Nordeste,8231
2205904,Manoel Emídio,PI,Piauí,Nordeste,5315
2205953,Marcolândia,PI,Piauí,Nordeste,8822
2206001,Marcos Parente,PI,Piauí,Nordeste,4863
2206050,Massapê do Piauí,PI,Piauí,Nordeste,5165
2206100,Matias Olímpio,PI,Piauí,Nordeste,10886
2206209,Miguel Alves,PI,Piauí,Nordeste,33074
2206308,Miguel Leão,PI,Piauí,Nordeste,1355
2206357,Milton Brandão,PI,Piauí,Nordeste,6681
2206407,Monsenhor Gil,PI,Piauí,Nordeste,10513
2206506,Monsenhor Hipólito,PI,Piauí,Nordeste,7762
2206605,Monte Alegre do Piauí,PI,Piauí,Nordeste,10928
2206654,Morro Cabeça no Tempo,PI,Piauí,Nordeste,4456
2206670,Morro do Chapéu do Piauí,PI,Piauí,Nordeste,6548
2206696,Murici dos Portelas,PI,Piauí,Nordeste,10210
2206704,Nazaré do Piauí,PI,Piauí,Nordeste,6697
2206720,Nazária,PI,Piauí,Nordeste,10821
2206753,Nossa Senhora de Nazaré,PI,Piauí,Nordeste,5442
2206803,Nossa Senhora dos Remédios,PI,Piauí,Nordeste,8751
2206902,Novo Oriente do Piauí,PI,Piauí,Nordeste,6158
2206951,Novo Santo Antônio,PI,Piauí,Nordeste,2888
2207009,Oeiras,PI,Piauí,Nordeste,39687
2207108,Olho D'Água do Piauí,PI,Piauí,Nordeste,2730
2207207,Padre Marcos,PI,Piauí,Nordeste,6468
2207306,Paes Landim,PI,Piauí,Nordeste,4176
2207355,Pajeú do Piauí,PI,Piauí,Nordeste,3032
2207405,Palmeira do Piauí,PI,Piauí,Nordeste,5047
2207504,Palmeirais,PI,Piauí,Nordeste,13458
2207553,Paquetá,PI,Piauí,Nordeste,3873
2207603,Parnaguá,PI,Piauí,Nordeste,10282
2207702,Parnaíba,PI,Piauí,Nordeste,170491
2207751,Passagem Franca do Piauí,PI,Piauí,Nordeste,4222
2207777,Patos do Piauí,PI,Piauí,Nordeste,5427
2207793,Pau D'Arco do Piauí,PI,Piauí,Nordeste,3979
2207801,Paulistana,PI,Piauí,Nordeste,21633
2207850,Pavussu,PI,Piauí,Nordeste,3697
2207900,Pedro II,PI,Piauí,Nordeste,39072
2207934,Pedro Laurentino,PI,Piauí,Nordeste,2517
2207959,Nova Santa Rita,PI,Piauí,Nordeste,4142
2208007,Picos,PI,Piauí,Nordeste,86701
2208106,Pimenteiras,PI,Piauí,Nordeste,11487
2208205,Pio IX,PI,Piauí,Nordeste,17948
2208304,Piracuruca,PI,Piauí,Nordeste,29721
2208403,Piripiri,PI,Piauí,Nordeste,67887
2208502,Porto,PI,Piauí,Nordeste,12323
2208551,Porto Alegre do Piauí,PI,Piauí,Nordeste,2382
2208601,Prata do Piauí,PI,Piauí,Nordeste,3096
2208650,Queimada Nova,PI,Piauí,Nordeste,8948
2208700,Redenção do Gurguéia,PI,Piauí,Nordeste,8565
2208809,Regeneração,PI,Piauí,Nordeste,17400
2208858,Riacho Frio,PI,Piauí,Nordeste,4238
2208874,Ribeira do Piauí,PI,Piauí,Nordeste,4105
2208908,Ribeiro Gonçalves,PI,Piauí,Nordeste,6182
2209005,Rio Grande do Piauí,PI,Piauí,Nordeste,5845
2209104,Santa Cruz do Piauí,PI,Piauí,Nordeste,5872
2209153,Santa Cruz dos Milagres,PI,Piauí,Nordeste,3448
2209203,Santa Filomena,PI,Piauí,Nordeste,6210
2209302,Santa Luz,PI,Piauí,Nordeste,5418
2209351,Santana do Piauí,PI,Piauí,Nordeste,4159
2209377,Santa Rosa do Piauí,PI,Piauí,Nordeste,4666
2209401,Santo Antônio de Lisboa,PI,Piauí,Nordeste,5930
2209450,Santo Antônio dos Milagres,PI,Piauí,Nordeste,2169
2209500,Santo Inácio do Piauí,PI,Piauí,Nordeste,3682
2209559,São Braz do Piauí,PI,Piauí,Nordeste,4454
2209609,São Félix do Piauí,PI,Piauí,Nordeste,2879
2209658,São Francisco de Assis do Piauí,PI,Piauí,Nordeste,5713
2209708,São Francisco do Piauí,PI,Piauí,Nordeste,5358
2209757,São Gonçalo do Gurguéia,PI,Piauí,Nordeste,3026
2209807,São Gonçalo do Piauí,PI,Piauí,Nordeste,4985
2209856,São João da Canabrava,PI,Piauí,Nordeste,4359
2209872,São João da Fronteira,PI,Piauí,Nordeste,5608
2209906,São João da Serra,PI,Piauí,Nordeste,6232
2209955,São João da Varjota,PI,Piauí,Nordeste,4430
2209971,São João do Arraial,PI,Piauí,Nordeste,8494
2210003,São João do Piauí,PI,Piauí,Nordeste,22137
2210052,São José do Divino,PI,Piauí,Nordeste,5317
2210102,São José do Peixe,PI,Piauí,Nordeste,3300
2210201,São José do Piauí,PI,Piauí,Nordeste,6733
2210300,São Julião,PI,Piauí,Nordeste,6131
2210359,São Lourenço do Piauí,PI,Piauí,Nordeste,4497
2210375,São Luis do Piauí,PI,Piauí,Nordeste,2277
2210383,São Miguel da Baixa Grande,PI,Piauí,Nordeste,2299
2210391,São Miguel do Fidalgo,PI,Piauí,Nordeste,2864
2210409,São Miguel do Tapuio,PI,Piauí,Nordeste,17911
2210508,São Pedro do Piauí,PI,Piauí,Nordeste,14055
2210607,São Raimundo Nonato,PI,Piauí,Nordeste,41139
2210623,Sebastião Barros,PI,Piauí,Nordeste,3210
2210631,Sebastião Leal,PI,Piauí,Nordeste,4590
2210656,Sigefredo Pacheco,PI,Piauí,Nordeste,9623
2210706,Simões,PI,Piauí,Nordeste,14664
2210805,Simplício Mendes,PI,Piauí,Nordeste,14437
2210904,Socorro do Piauí,PI,Piauí,Nordeste,4165
2210938,Sussuapara,PI,Piauí,Nordeste,6346
2210953,Tamboril do Piauí,PI,Piauí,Nordeste,3040
2210979,Tanque do Piauí,PI,Piauí,Nordeste,2319
2211001,Teresina,PI,Piauí,Nordeste,905692
2211100,União,PI,Piauí,Nordeste,47896
2211209,Uruçuí,PI,Piauí,Nordeste,26779
2211308,Valença do Piauí,PI,Piauí,Nordeste,23025
2211357,Várzea Branca,PI,Piauí,Nordeste,5181
2211407,Várzea Grande,PI,Piauí,Nordeste,4520
2211506,Vera Mendes,PI,Piauí,Nordeste,3282
2211605,Vila Nova do Piauí,PI,Piauí,Nordeste,2972
2211704,Wall Ferraz,PI,Piauí,Nordeste,4195
2300101,Abaiara,CE,Ceará,Nordeste,10269
2300150,Acarape,CE,Ceará,Nordeste,14340
2300200,Acaraú,CE,Ceará,Nordeste,69317
2300309,Acopiara,CE,Ceará,Nordeste,45937
2300408,Aiuaba,CE,Ceará,Nordeste,14115
2300507,Alcântaras,CE,Ceará,Nordeste,11795
2300606,Altaneira,CE,Ceará,Nordeste,6974
2300705,Alto Santo,CE,Ceará,Nordeste,14372
2300754,Amontada,CE,Ceará,Nordeste,44584
2300804,Antonina do Norte,CE,Ceará,Nordeste,7507
2300903,Apuiarés,CE,Ceará,Nordeste,13193
2301000,Aquiraz,CE,Ceará,Nordeste,85316
2301109,Aracati,CE,Ceará,Nordeste,79205
2301208,Aracoiaba,CE,Ceará,Nordeste,26752
2301257,Ararendá,CE,Ceará,Nordeste,11532
2301307,Araripe,CE,Ceará,Nordeste,20194
2301406,Aratuba,CE,Ceará,Nordeste,11427
2301505,Arneiroz,CE,Ceará,Nordeste,7615
2301604,Assaré,CE,Ceará,Nordeste,22195
2301703,Aurora,CE,Ceará,Nordeste,24244
2301802,Baixio,CE,Ceará,Nordeste,5821
2301851,Banabuiú,CE,Ceará,Nordeste,17667
2301901,Barbalha,CE,Ceará,Nordeste,81441
2301950,Barreira,CE,Ceará,Nordeste,23474
2302008,Barro,CE,Ceará,Nordeste,19569
2302057,Barroquinha,CE,Ceará,Nordeste,14998
2302107,Baturité,CE,Ceará,Nordeste,37147
2302206,Beberibe,CE,Ceará,Nordeste,55977
2302305,Bela Cruz,CE,Ceará,Nordeste,34613
2302404,Boa Viagem,CE,Ceará,Nordeste,52133
2302503,Brejo Santo,CE,Ceará,Nordeste,54192
2302602,Camocim,CE,Ceará,Nordeste,65251
2302701,Campos Sales,CE,Ceará,Nordeste,26049
2302800,Canindé,CE,Ceará,Nordeste,77376
2302909,Capistrano,CE,Ceará,Nordeste,17795
2303006,Caridade,CE,Ceará,Nordeste,16234
2303105,Cariré,CE,Ceará,Nordeste,18074
2303204,Caririaçu,CE,Ceará,Nordeste,27532
2303303,Cariús,CE,Ceará,Nordeste,17277
2303402,Carnaubal,CE,Ceará,Nordeste,17815
2303501,Cascavel,CE,Ceará,Nordeste,76866
2303600,Catarina,CE,Ceará,Nordeste,9110
2303659,Catunda,CE,Ceará,Nordeste,10864
2303709,Caucaia,CE,Ceará,Nordeste,378406
2303808,Cedro,CE,Ceará,Nordeste,22564
2303907,Chaval,CE,Ceará,Nordeste,12811
2303931,Choró,CE,Ceará,Nordeste,12352
2303956,Chorozinho,CE,Ceará,Nordeste,20808
2304004,Coreaú,CE,Ceará,Nordeste,21417
2304103,Crateús,CE,Ceará,Nordeste,80130
2304202,Crato,CE,Ceará,Nordeste,139027
2304236,Croatá,CE,Ceará,Nordeste,18050
2304251,Cruz,CE,Ceará,Nordeste,32288
2304269,Deputado Irapuan Pinheiro,CE,Ceará,Nordeste,9173
2304277,Ereré,CE,Ceará,Nordeste,6381
2304285,Eusébio,CE,Ceará,Nordeste,82016
2304301,Farias Brito,CE,Ceará,Nordeste,18498
2304350,Forquilha,CE,Ceará,Nordeste,25298
2304400,Fortaleza,CE,Ceará,Nordeste,2578483
2304459,Fortim,CE,Ceará,Nordeste,18213
2304509,Frecheirinha,CE,Ceará,Nordeste,16516
2304608,General Sampaio,CE,Ceará,Nordeste,6929
2304657,Graça,CE,Ceará,Nordeste,14176
2304707,Granja,CE,Ceará,Nordeste,55809
2304806,Granjeiro,CE,Ceará,Nordeste,4955
2304905,Groaíras,CE,Ceará,Nordeste,11369
2304954,Guaiúba,CE,Ceará,Nordeste,25158
2305001,Guaraciaba do Norte,CE,Ceará,Nordeste,44565
2305100,Guaramiranga,CE,Ceará,Nordeste,5826
2305209,Hidrolândia,CE,Ceará,Nordeste,18186
2305233,Horizonte,CE,Ceará,Nordeste,81161
2305266,Ibaretama,CE,Ceará,Nordeste,12149
2305308,Ibiapina,CE,Ceará,Nordeste,24689
2305332,Ibicuitinga,CE,Ceará,Nordeste,12008
2305357,Icapuí,CE,Ceará,Nordeste,22562
2305407,Icó,CE,Ceará,Nordeste,64745
2305506,Iguatu,CE,Ceará,Nordeste,102588
2305605,Independência,CE,Ceará,Nordeste,24463
2305654,Ipaporanga,CE,Ceará,Nordeste,11963
2305704,Ipaumirim,CE,Ceará,Nordeste,12459
2305803,Ipu,CE,Ceará,Nordeste,43084
2305902,Ipueiras,CE,Ceará,Nordeste,38287
2306009,Iracema,CE,Ceará,Nordeste,14440
2306108,Irauçuba,CE,Ceará,Nordeste,24867
2306207,Itaiçaba,CE,Ceará,Nordeste,7801
2306256,Itaitinga,CE,Ceará,Nordeste,72512
2306306,Itapajé,CE,Ceará,Nordeste,49073
2306405,Itapipoca,CE,Ceará,Nordeste,138978
2306504,Itapiúna,CE,Ceará,Nordeste,18197
2306553,Itarema,CE,Ceará,Nordeste,45852
2306603,Itatira,CE,Ceará,Nordeste,21160
2306702,Jaguaretama,CE,Ceará,Nordeste,17604
2306801,Jaguaribara,CE,Ceará,Nordeste,10668
2306900,Jaguaribe,CE,Ceará,Nordeste,35143
2307007,Jaguaruana,CE,Ceará,Nordeste,33115
2307106,Jardim,CE,Ceará,Nordeste,28801
2307205,Jati,CE,Ceará,Nordeste,8114
2307254,Jijoca de Jericoacoara,CE,Ceará,Nordeste,28198
2307304,Juazeiro do Norte,CE,Ceará,Nordeste,305531
2307403,Jucás,CE,Ceará,Nordeste,24624
2307502,Lavras da Mangabeira,CE,Ceará,Nordeste,32163
2307601,Limoeiro do Norte,CE,Ceará,Nordeste,62623
2307635,Madalena,CE,Ceará,Nordeste,17235
2307650,Maracanaú,CE,Ceará,Nordeste,251613
2307700,Maranguape,CE,Ceará,Nordeste,108622
2307809,Marco,CE,Ceará,Nordeste,27177
2307908,Martinópole,CE,Ceará,Nordeste,11280
2308005,Massapê,CE,Ceará,Nordeste,39840
2308104,Mauriti,CE,Ceará,Nordeste,47501
2308203,Meruoca,CE,Ceará,Nordeste,15853
2308302,Milagres,CE,Ceará,Nordeste,26819
2308351,Milhã,CE,Ceará,Nordeste,14713
2308377,Miraíma,CE,Ceará,Nordeste,14826
2308401,Missão Velha,CE,Ceará,Nordeste,38997
2308500,Mombaça,CE,Ceará,Nordeste,38451
2308609,Monsenhor Tabosa,CE,Ceará,Nordeste,17705
2308708,Morada Nova,CE,Ceará,Nordeste,65390
2308807,Moraújo,CE,Ceará,Nordeste,8537
2308906,Morrinhos,CE,Ceará,Nordeste,23747
2309003,Mucambo,CE,Ceará,Nordeste,13999
2309102,Mulungu,CE,Ceará,Nordeste,11064
2309201,Nova Olinda,CE,Ceará,Nordeste,16045
2309300,Nova Russas,CE,Ceará,Nordeste,32053
2309409,Novo Oriente,CE,Ceará,Nordeste,29097
2309458,Ocara,CE,Ceará,Nordeste,25272
2309508,Orós,CE,Ceará,Nordeste,19943
2309607,Pacajus,CE,Ceará,Nordeste,75454
2309706,Pacatuba,CE,Ceará,Nordeste,86564
2309805,Pacoti,CE,Ceará,Nordeste,11421
2309904,Pacujá,CE,Ceará,Nordeste,6348
2310001,Palhano,CE,Ceará,Nordeste,9709
2310100,Palmácia,CE,Ceará,Nordeste,10252
2310209,Paracuru,CE,Ceará,Nordeste,41894
2310258,Paraipaba,CE,Ceará,Nordeste,34086
2310308,Parambu,CE,Ceará,Nordeste,32867
2310407,Paramoti,CE,Ceará,Nordeste,10462
2310506,Pedra Branca,CE,Ceará,Nordeste,42227
2310605,Penaforte,CE,Ceará,Nordeste,9357
2310704,Pentecoste,CE,Ceará,Nordeste,39903
2310803,Pereiro,CE,Ceará,Nordeste,15858
2310852,Pindoretama,CE,Ceará,Nordeste,24919
2310902,Piquet Carneiro,CE,Ceará,Nordeste,17285
2310951,Pires Ferreira,CE,Ceará,Nordeste,10984
2311009,Poranga,CE,Ceará,Nordeste,12441
2311108,Porteiras,CE,Ceará,Nordeste,17877
2311207,Potengi,CE,Ceará,Nordeste,8854
2311231,Potiretama,CE,Ceará,Nordeste,6128
2311264,Quiterianópolis,CE,Ceará,Nordeste,20545
2311306,Quixadá,CE,Ceará,Nordeste,88846
2311355,Quixelô,CE,Ceará,Nordeste,16998
2311405,Quixeramobim,CE,Ceará,Nordeste,86431
2311504,Quixeré,CE,Ceará,Nordeste,21659
2311603,Redenção,CE,Ceará,Nordeste,28382
2311702,Reriutaba,CE,Ceará,Nordeste,19051
2311801,Russas,CE,Ceará,Nordeste,74834
2311900,Saboeiro,CE,Ceará,Nordeste,13943
2311959,Salitre,CE,Ceará,Nordeste,17303
2312007,Santana do Acaraú,CE,Ceará,Nordeste,32133
2312106,Santana do Cariri,CE,Ceará,Nordeste,17391
2312205,Santa Quitéria,CE,Ceará,Nordeste,41569
2312304,São Benedito,CE,Ceará,Nordeste,50058
2312403,São Gonçalo do Amarante,CE,Ceará,Nordeste,58191
2312502,São João do Jaguaribe,CE,Ceará,Nordeste,5683
2312601,São Luís do Curu,CE,Ceará,Nordeste,10888
2312700,Senador Pompeu,CE,Ceará,Nordeste,25108
2312809,Senador Sá,CE,Ceará,Nordeste,7551
2312908,Sobral,CE,Ceará,Nordeste,216519
2313005,Solonópole,CE,Ceará,Nordeste,18785
2313104,Tabuleiro do Norte,CE,Ceará,Nordeste,32122
2313203,Tamboril,CE,Ceará,Nordeste,25287
2313252,Tarrafas,CE,Ceará,Nordeste,7574
2313302,Tauá,CE,Ceará,Nordeste,64655
2313351,Tejuçuoca,CE,Ceará,Nordeste,17646
2313401,Tianguá,CE,Ceará,Nordeste,86968
2313500,Trairi,CE,Ceará,Nordeste,62004
2313559,Tururu,CE,Ceará,Nordeste,15524
2313609,Ubajara,CE,Ceará,Nordeste,34424
2313708,Umari,CE,Ceará,Nordeste,6963
2313757,Umirim,CE,Ceará,Nordeste,17751
2313807,Uruburetama,CE,Ceará,Nordeste,21331
2313906,Uruoca,CE,Ceará,Nordeste,14308
2313955,Varjota,CE,Ceará,Nordeste,18708
2314003,Várzea Alegre,CE,Ceará,Nordeste,40878
2314102,Viçosa do Ceará,CE,Ceará,Nordeste,62972
2400109,Acari,RN,Rio Grande do Norte,Nordeste,10855
2400208,Açu,RN,Rio Grande do Norte,Nordeste,59099
2400307,Afonso Bezerra,RN,Rio Grande do Norte,Nordeste,11158
2400406,Água Nova,RN,Rio Grande do Norte,Nordeste,3029
2400505,Alexandria,RN,Rio Grande do Norte,Nordeste,14058
2400604,Almino Afonso,RN,Rio Grande do Norte,Nordeste,4802
2400703,Alto do Rodrigues,RN,Rio Grande do Norte,Nordeste,12874
2400802,Angicos,RN,Rio Grande do Norte,Nordeste,11985
2400901,Antônio Martins,RN,Rio Grande do Norte,Nordeste,6730
2401008,Apodi,RN,Rio Grande do Norte,Nordeste,37486
2401107,Areia Branca,RN,Rio Grande do Norte,Nordeste,24607
2401206,Arês,RN,Rio Grande do Norte,Nordeste,13681
2401305,Campo Grande,RN,Rio Grande do Norte,Nordeste,10071
2401404,Baía Formosa,RN,Rio Grande do Norte,Nordeste,9115
2401453,Baraúna,RN,Rio Grande do Norte,Nordeste,28415
2401503,Barcelona,RN,Rio Grande do Norte,Nordeste,4108
2401602,Bento Fernandes,RN,Rio Grande do Norte,Nordeste,4911
2401651,Bodó,RN,Rio Grande do Norte,Nordeste,2360
2401701,Bom Jesus,RN,Rio Grande do Norte,Nordeste,10308
2401800,Brejinho,RN,Rio Grande do Norte,Nordeste,12638
2401859,Caiçara do Norte,RN,Rio Grande do Norte,Nordeste,6479
2401909,Caiçara do Rio do Vento,RN,Rio Grande do Norte,Nordeste,3360
2402006,Caicó,RN,Rio Grande do Norte,Nordeste,63338
2402105,Campo Redondo,RN,Rio Grande do Norte,Nordeste,10510
2402204,Canguaretama,RN,Rio Grande do Norte,Nordeste,30789
2402303,Caraúbas,RN,Rio Grande do Norte,Nordeste,20182
2402402,Carnaúba dos Dantas,RN,Rio Grande do Norte,Nordeste,8296
2402501,Carnaubais,RN,Rio Grande do Norte,Nordeste,10026
2402600,Ceará-Mirim,RN,Rio Grande do Norte,Nordeste,83543
2402709,Cerro Corá,RN,Rio Grande do Norte,Nordeste,11334
2402808,Coronel Ezequiel,RN,Rio Grande do Norte,Nordeste,5233
2402907,Coronel João Pessoa,RN,Rio Grande do Norte,Nordeste,4297
2403004,Cruzeta,RN,Rio Grande do Norte,Nordeste,8245
2403103,Currais Novos,RN,Rio Grande do Norte,Nordeste,42922
2403202,Doutor Severiano,RN,Rio Grande do Norte,Nordeste,7262
2403251,Parnamirim,RN,Rio Grande do Norte,Nordeste,271713
2403301,Encanto,RN,Rio Grande do Norte,Nordeste,6289
2403400,Equador,RN,Rio Grande do Norte,Nordeste,5461
2403509,Espírito Santo,RN,Rio Grande do Norte,Nordeste,10951
2403608,Extremoz,RN,Rio Grande do Norte,Nordeste,68584
2403707,Felipe Guerra,RN,Rio Grande do Norte,Nordeste,6472
2403756,Fernando Pedroza,RN,Rio Grande do Norte,Nordeste,3035
2403806,Florânia,RN,Rio Grande do Norte,Nordeste,10556
2403905,Francisco Dantas,RN,Rio Grande do Norte,Nordeste,2758
2404002,Frutuoso Gomes,RN,Rio Grande do Norte,Nordeste,4230
2404101,Galinhos,RN,Rio Grande do Norte,Nordeste,2159
2404200,Goianinha,RN,Rio Grande do Norte,Nordeste,28422
2404309,Governador Dix-Sept Rosado,RN,Rio Grande do Norte,Nordeste,12231
2404408,Grossos,RN,Rio Grande do Norte,Nordeste,10281
2404507,Guamaré,RN,Rio Grande do Norte,Nordeste,16076
2404606,Ielmo Marinho,RN,Rio Grande do Norte,Nordeste,11889
2404705,Ipanguaçu,RN,Rio Grande do Norte,Nordeste,14560
2404804,Ipueira,RN,Rio Grande do Norte,Nordeste,2090
2404853,Itajá,RN,Rio Grande do Norte,Nordeste,7551
2404903,Itaú,RN,Rio Grande do Norte,Nordeste,5447
2405009,Jaçanã,RN,Rio Grande do Norte,Nordeste,8053
2405108,Jandaíra,RN,Rio Grande do Norte,Nordeste,6752
2405207,Janduís,RN,Rio Grande do Norte,Nordeste,4813
2405306,Januário Cicco,RN,Rio Grande do Norte,Nordeste,8843
2405405,Japi,RN,Rio Grande do Norte,Nordeste,5219
2405504,Jardim de Angicos,RN,Rio Grande do Norte,Nordeste,2488
2405603,Jardim de Piranhas,RN,Rio Grande do Norte,Nordeste,14446
2405702,Jardim do Seridó,RN,Rio Grande do Norte,Nordeste,11942
2405801,João Câmara,RN,Rio Grande do Norte,Nordeste,34849
2405900,João Dias,RN,Rio Grande do Norte,Nordeste,2073
2406007,José da Penha,RN,Rio Grande do Norte,Nordeste,5966
2406106,Jucurutu,RN,Rio Grande do Norte,Nordeste,18304
2406155,Jundiá,RN,Rio Grande do Norte,Nordeste,3868
2406205,Lagoa d'Anta,RN,Rio Grande do Norte,Nordeste,6756
2406304,Lagoa de Pedras,RN,Rio Grande do Norte,Nordeste,7597
2406403,Lagoa de Velhos,RN,Rio Grande do Norte,Nordeste,2631
2406502,Lagoa Nova,RN,Rio Grande do Norte,Nordeste,16203
2406601,Lagoa Salgada,RN,Rio Grande do Norte,Nordeste,8657
2406700,Lajes,RN,Rio Grande do Norte,Nordeste,10094
2406809,Lajes Pintadas,RN,Rio Grande do Norte,Nordeste,4950
2406908,Lucrécia,RN,Rio Grande do Norte,Nordeste,3576
2407005,Luís Gomes,RN,Rio Grande do Norte,Nordeste,9271
2407104,Macaíba,RN,Rio Grande do Norte,Nordeste,87056
2407203,Macau,RN,Rio Grande do Norte,Nordeste,28350
2407252,Major Sales,RN,Rio Grande do Norte,Nordeste,4086
2407302,Marcelino Vieira,RN,Rio Grande do Norte,Nordeste,8083
2407401,Martins,RN,Rio Grande do Norte,Nordeste,8415
2407500,Maxaranguape,RN,Rio Grande do Norte,Nordeste,10534
2407609,Messias Targino,RN,Rio Grande do Norte,Nordeste,4410
2407708,Montanhas,RN,Rio Grande do Norte,Nordeste,11785
2407807,Monte Alegre,RN,Rio Grande do Norte,Nordeste,23953
2407906,Monte das Gameleiras,RN,Rio Grande do Norte,Nordeste,2345
2408003,Mossoró,RN,Rio Grande do Norte,Nordeste,278587
2408102,Natal,RN,Rio Grande do Norte,Nordeste,784249
2408201,Nísia Floresta,RN,Rio Grande do Norte,Nordeste,34325
2408300,Nova Cruz,RN,Rio Grande do Norte,Nordeste,35523
2408409,Olho d'Água do Borges,RN,Rio Grande do Norte,Nordeste,3736
2408508,Ouro Branco,RN,Rio Grande do Norte,Nordeste,5084
2408607,Paraná,RN,Rio Grande do Norte,Nordeste,4048
2408706,Paraú,RN,Rio Grande do Norte,Nordeste,3650
2408805,Parazinho,RN,Rio Grande do Norte,Nordeste,4945
2408904,Parelhas,RN,Rio Grande do Norte,Nordeste,22242
2408953,Rio do Fogo,RN,Rio Grande do Norte,Nordeste,10692
2409100,Passa e Fica,RN,Rio Grande do Norte,Nordeste,11407
2409209,Passagem,RN,Rio Grande do Norte,Nordeste,3233
2409308,Patu,RN,Rio Grande do Norte,Nordeste,11215
2409332,Santa Maria,RN,Rio Grande do Norte,Nordeste,5000
2409407,Pau dos Ferros,RN,Rio Grande do Norte,Nordeste,32123
2409506,Pedra Grande,RN,Rio Grande do Norte,Nordeste,3736
2409605,Pedra Preta,RN,Rio Grande do Norte,Nordeste,2495
2409704,Pedro Avelino,RN,Rio Grande do Norte,Nordeste,6312
2409803,Pedro Velho,RN,Rio Grande do Norte,Nordeste,14197
2409902,Pendências,RN,Rio Grande do Norte,Nordeste,12499
2410009,Pilões,RN,Rio Grande do Norte,Nordeste,2992
2410108,Poço Branco,RN,Rio Grande do Norte,Nordeste,12565
2410207,Portalegre,RN,Rio Grande do Norte,Nordeste,7859
2410256,Porto do Mangue,RN,Rio Grande do Norte,Nordeste,5351
2410306,Serra Caiada,RN,Rio Grande do Norte,Nordeste,11203
2410405,Pureza,RN,Rio Grande do Norte,Nordeste,9752
2410504,Rafael Fernandes,RN,Rio Grande do Norte,Nordeste,5682
2410603,Rafael Godeiro,RN,Rio Grande do Norte,Nordeste,3005
2410702,Riacho da Cruz,RN,Rio Grande do Norte,Nordeste,2724
2410801,Riacho de Santana,RN,Rio Grande do Norte,Nordeste,4245
2410900,Riachuelo,RN,Rio Grande do Norte,Nordeste,7646
2411007,Rodolfo Fernandes,RN,Rio Grande do Norte,Nordeste,4345
2411056,Tibau,RN,Rio Grande do Norte,Nordeste,5748
2411106,Ruy Barbosa,RN,Rio Grande do Norte,Nordeste,3253
2411205,Santa Cruz,RN,Rio Grande do Norte,Nordeste,39101
2411403,Santana do Matos,RN,Rio Grande do Norte,Nordeste,12722
2411429,Santana do Seridó,RN,Rio Grande do Norte,Nordeste,2796
2411502,Santo Antônio,RN,Rio Grande do Norte,Nordeste,22793
2411601,São Bento do Norte,RN,Rio Grande do Norte,Nordeste,3442
2411700,São Bento do Trairí,RN,Rio Grande do Norte,Nordeste,3890
2411809,São Fernando,RN,Rio Grande do Norte,Nordeste,3606
2411908,São Francisco do Oeste,RN,Rio Grande do Norte,Nordeste,4319
2412005,São Gonçalo do Amarante,RN,Rio Grande do Norte,Nordeste,124495
2412104,São João do Sabugi,RN,Rio Grande do Norte,Nordeste,6136
2412203,São José de Mipibu,RN,Rio Grande do Norte,Nordeste,50053
2412302,São José do Campestre,RN,Rio Grande do Norte,Nordeste,11298
2412401,São José do Seridó,RN,Rio Grande do Norte,Nordeste,4733
2412500,São Miguel,RN,Rio Grande do Norte,Nordeste,24422
2412559,São Miguel do Gostoso,RN,Rio Grande do Norte,Nordeste,10636
2412609,São Paulo do Potengi,RN,Rio Grande do Norte,Nordeste,17371
2412708,São Pedro,RN,Rio Grande do Norte,Nordeste,5890
2412807,São Rafael,RN,Rio Grande do Norte,Nordeste,7889
2412906,São Tomé,RN,Rio Grande do Norte,Nordeste,10161
2413003,São Vicente,RN,Rio Grande do Norte,Nordeste,6530
2413102,Senador Elói de Souza,RN,Rio Grande do Norte,Nordeste,6027
2413201,Senador Georgino Avelino,RN,Rio Grande do Norte,Nordeste,4202
2413300,Serra de São Bento,RN,Rio Grande do Norte,Nordeste,5866
2413359,Serra do Mel,RN,Rio Grande do Norte,Nordeste,13819
2413409,Serra Negra do Norte,RN,Rio Grande do Norte,Nordeste,7800
2413508,Serrinha,RN,Rio Grande do Norte,Nordeste,6608
2413557,Serrinha dos Pintos,RN,Rio Grande do Norte,Nordeste,4810
2413607,Severiano Melo,RN,Rio Grande do Norte,Nordeste,5616
2413706,Sítio Novo,RN,Rio Grande do Norte,Nordeste,4746
2413805,Taboleiro Grande,RN,Rio Grande do Norte,Nordeste,2409
2413904,Taipu,RN,Rio Grande do Norte,Nordeste,11708
2414001,Tangará,RN,Rio Grande do Norte,Nordeste,13583
2414100,Tenente Ananias,RN,Rio Grande do Norte,Nordeste,10610
2414159,Tenente Laurentino Cruz,RN,Rio Grande do Norte,Nordeste,6152
2414209,Tibau do Sul,RN,Rio Grande do Norte,Nordeste,18080
2414308,Timbaúba dos Batistas,RN,Rio Grande do Norte,Nordeste,2424
2414407,Touros,RN,Rio Grande do Norte,Nordeste,34767
2414456,Triunfo Potiguar,RN,Rio Grande do Norte,Nordeste,3477
2414506,Umarizal,RN,Rio Grande do Norte,Nordeste,10655
2414605,Upanema,RN,Rio Grande do Norte,Nordeste,14048
2414704,Várzea,RN,Rio Grande do Norte,Nordeste,5387
2414753,Venha-Ver,RN,Rio Grande do Norte,Nordeste,3005
2414803,Vera Cruz,RN,Rio Grande do Norte,Nordeste,11053
2414902,Viçosa,RN,Rio Grande do Norte,Nordeste,1900
2415008,Vila Flor,RN,Rio Grande do Norte,Nordeste,3304
2500106,Água Branca,PB,Paraíba,Nordeste,9580
2500205,Aguiar,PB,Paraíba,Nordeste,5026
2500304,Alagoa Grande,PB,Paraíba,Nordeste,26655
2500403,Alagoa Nova,PB,Paraíba,Nordeste,21823
2500502,Alagoinha,PB,Paraíba,Nordeste,14140
2500536,Alcantil,PB,Paraíba,Nordeste,5806
2500577,Algodão de Jandaíra,PB,Paraíba,Nordeste,3143
2500601,Alhandra,PB,Paraíba,Nordeste,23065
2500700,São João do Rio do Peixe,PB,Paraíba,Nordeste,18500
2500734,Amparo,PB,Paraíba,Nordeste,2328
2500775,Aparecida,PB,Paraíba,Nordeste,8257
2500809,Araçagi,PB,Paraíba,Nordeste,16991
2500908,Arara,PB,Paraíba,Nordeste,12482
2501005,Araruna,PB,Paraíba,Nordeste,17360
2501104,Areia,PB,Paraíba,Nordeste,23031
2501153,Areia de Baraúnas,PB,Paraíba,Nordeste,2027
2501203,Areial,PB,Paraíba,Nordeste,7434
2501302,Aroeiras,PB,Paraíba,Nordeste,19142
2501351,Assunção,PB,Paraíba,Nordeste,4383
2501401,Baía da Traição,PB,Paraíba,Nordeste,9741
2501500,Bananeiras,PB,Paraíba,Nordeste,24134
2501534,Baraúna,PB,Paraíba,Nordeste,5010
2501575,Barra de Santana,PB,Paraíba,Nordeste,8247
2501609,Barra de Santa Rosa,PB,Paraíba,Nordeste,13024
2501708,Barra de São Miguel,PB,Paraíba,Nordeste,6123
2501807,Bayeux,PB,Paraíba,Nordeste,83862
2501906,Belém,PB,Paraíba,Nordeste,16710
2502003,Belém do Brejo do Cruz,PB,Paraíba,Nordeste,6272
2502052,Bernardino Batista,PB,Paraíba,Nordeste,3677
2502102,Boa Ventura,PB,Paraíba,Nordeste,5246
2502151,Boa Vista,PB,Paraíba,Nordeste,6592
2502201,Bom Jesus,PB,Paraíba,Nordeste,2328
2502300,Bom Sucesso,PB,Paraíba,Nordeste,4720
2502409,Bonito de Santa Fé,PB,Paraíba,Nordeste,10433
2502508,Boqueirão,PB,Paraíba,Nordeste,18216
2502607,Igaracy,PB,Paraíba,Nordeste,5719
2502706,Borborema,PB,Paraíba,Nordeste,4185
2502805,Brejo do Cruz,PB,Paraíba,Nordeste,14095
2502904,Brejo dos Santos,PB,Paraíba,Nordeste,5816
2503001,Caaporã,PB,Paraíba,Nordeste,21942
2503100,Cabaceiras,PB,Paraíba,Nordeste,5537
2503209,Cabedelo,PB,Paraíba,Nordeste,70734
2503308,Cachoeira dos Índios,PB,Paraíba,Nordeste,9335
2503407,Cacimba de Areia,PB,Paraíba,Nordeste,3344
2503506,Cacimba de Dentro,PB,Paraíba,Nordeste,16332
2503555,Cacimbas,PB,Paraíba,Nordeste,7513
2503605,Caiçara,PB,Paraíba,Nordeste,6684
2503704,Cajazeiras,PB,Paraíba,Nordeste,66585
2503753,Cajazeirinhas,PB,Paraíba,Nordeste,2760
2503803,Caldas Brandão,PB,Paraíba,Nordeste,5942
2503902,Camalaú,PB,Paraíba,Nordeste,6327
2504009,Campina Grande,PB,Paraíba,Nordeste,443911
2504033,Capim,PB,Paraíba,Nordeste,7446
2504074,Caraúbas,PB,Paraíba,Nordeste,4067
2504108,Carrapateira,PB,Paraíba,Nordeste,2365
2504157,Casserengue,PB,Paraíba,Nordeste,7052
2504207,Catingueira,PB,Paraíba,Nordeste,4556
2504306,Catolé do Rocha,PB,Paraíba,Nordeste,32288
2504355,Caturité,PB,Paraíba,Nordeste,5544
2504405,Conceição,PB,Paraíba,Nordeste,18731
2504504,Condado,PB,Paraíba,Nordeste,6629
2504603,Conde,PB,Paraíba,Nordeste,30007
2504702,Congo,PB,Paraíba,Nordeste,5124
2504801,Coremas,PB,Paraíba,Nordeste,14987
2504850,Coxixola,PB,Paraíba,Nordeste,1888
2504900,Cruz do Espírito Santo,PB,Paraíba,Nordeste,17821
2505006,Cubati,PB,Paraíba,Nordeste,7842
2505105,Cuité,PB,Paraíba,Nordeste,20208
2505204,Cuitegi,PB,Paraíba,Nordeste,6890
2505238,Cuité de Mamanguape,PB,Paraíba,Nordeste,6441
2505279,Curral de Cima,PB,Paraíba,Nordeste,5415
2505303,Curral Velho,PB,Paraíba,Nordeste,2316
2505352,Damião,PB,Paraíba,Nordeste,5141
2505402,Desterro,PB,Paraíba,Nordeste,8314
2505501,Vista Serrana,PB,Paraíba,Nordeste,3772
2505600,Diamante,PB,Paraíba,Nordeste,6416
2505709,Dona Inês,PB,Paraíba,Nordeste,10638
2505808,Duas Estradas,PB,Paraíba,Nordeste,3360
2505907,Emas,PB,Paraíba,Nordeste,3036
2506004,Esperança,PB,Paraíba,Nordeste,32599
2506103,Fagundes,PB,Paraíba,Nordeste,11307
2506202,Frei Martinho,PB,Paraíba,Nordeste,2911
2506251,Gado Bravo,PB,Paraíba,Nordeste,8398
2506301,Guarabira,PB,Paraíba,Nordeste,60057
2506400,Gurinhém,PB,Paraíba,Nordeste,14141
2506509,Gurjão,PB,Paraíba,Nordeste,3352
2506608,Ibiara,PB,Paraíba,Nordeste,5713
2506707,Imaculada,PB,Paraíba,Nordeste,10497
2506806,Ingá,PB,Paraíba,Nordeste,18234
2506905,Itabaiana,PB,Paraíba,Nordeste,23558
2507002,Itaporanga,PB,Paraíba,Nordeste,24766
2507101,Itapororoca,PB,Paraíba,Nordeste,19165
2507200,Itatuba,PB,Paraíba,Nordeste,10840
2507309,Jacaraú,PB,Paraíba,Nordeste,14969
2507408,Jericó,PB,Paraíba,Nordeste,7728
2507507,João Pessoa,PB,Paraíba,Nordeste,897633
2507606,Juarez Távora,PB,Paraíba,Nordeste,8088
2507705,Juazeirinho,PB,Paraíba,Nordeste,17520
2507804,Junco do Seridó,PB,Paraíba,Nordeste,7019
2507903,Juripiranga,PB,Paraíba,Nordeste,10255
2508000,Juru,PB,Paraíba,Nordeste,9380
2508109,Lagoa,PB,Paraíba,Nordeste,4489
2508208,Lagoa de Dentro,PB,Paraíba,Nordeste,8123
2508307,Lagoa Seca,PB,Paraíba,Nordeste,29209
2508406,Lastro,PB,Paraíba,Nordeste,3316
2508505,Livramento,PB,Paraíba,Nordeste,7041
2508554,Logradouro,PB,Paraíba,Nordeste,5107
2508604,Lucena,PB,Paraíba,Nordeste,13088
2508703,Mãe d'Água,PB,Paraíba,Nordeste,3599
2508802,Malta,PB,Paraíba,Nordeste,6288
2508901,Mamanguape,PB,Paraíba,Nordeste,46966
2509008,Manaíra,PB,Paraíba,Nordeste,10699
2509057,Marcação,PB,Paraíba,Nordeste,9537
2509107,Mari,PB,Paraíba,Nordeste,22170
2509156,Marizópolis,PB,Paraíba,Nordeste,7001
2509206,Massaranduba,PB,Paraíba,Nordeste,14756
2509305,Mataraca,PB,Paraíba,Nordeste,8650
2509339,Matinhas,PB,Paraíba,Nordeste,4759
2509370,Mato Grosso,PB,Paraíba,Nordeste,2584
2509396,Maturéia,PB,Paraíba,Nordeste,6717
2509404,Mogeiro,PB,Paraíba,Nordeste,14435
2509503,Montadas,PB,Paraíba,Nordeste,6144
2509602,Monte Horebe,PB,Paraíba,Nordeste,4429
2509701,Monteiro,PB,Paraíba,Nordeste,33886
2509800,Mulungu,PB,Paraíba,Nordeste,8909
2509909,Natuba,PB,Paraíba,Nordeste,8935
2510006,Nazarezinho,PB,Paraíba,Nordeste,7394
2510105,Nova Floresta,PB,Paraíba,Nordeste,9840
2510204,Nova Olinda,PB,Paraíba,Nordeste,5897
2510303,Nova Palmeira,PB,Paraíba,Nordeste,4359
2510402,Olho d'Água,PB,Paraíba,Nordeste,6059
2510501,Olivedos,PB,Paraíba,Nordeste,3675
2510600,Ouro Velho,PB,Paraíba,Nordeste,3000
2510659,Parari,PB,Paraíba,Nordeste,1745
2510709,Passagem,PB,Paraíba,Nordeste,2580
2510808,Patos,PB,Paraíba,Nordeste,108104
2510907,Paulista,PB,Paraíba,Nordeste,12172
2511004,Pedra Branca,PB,Paraíba,Nordeste,3851
2511103,Pedra Lavrada,PB,Paraíba,Nordeste,6980
2511202,Pedras de Fogo,PB,Paraíba,Nordeste,31356
2511301,Piancó,PB,Paraíba,Nordeste,17088
2511400,Picuí,PB,Paraíba,Nordeste,18862
2511509,Pilar,PB,Paraíba,Nordeste,12889
2511608,Pilões,PB,Paraíba,Nordeste,6974
2511707,Pilõezinhos,PB,Paraíba,Nordeste,5539
2511806,Pirpirituba,PB,Paraíba,Nordeste,9411
2511905,Pitimbu,PB,Paraíba,Nordeste,17166
2512002,Pocinhos,PB,Paraíba,Nordeste,18038
2512036,Poço Dantas,PB,Paraíba,Nordeste,3934
2512077,Poço de José de Moura,PB,Paraíba,Nordeste,4126
2512101,Pombal,PB,Paraíba,Nordeste,33866
2512200,Prata,PB,Paraíba,Nordeste,4032
2512309,Princesa Isabel,PB,Paraíba,Nordeste,21674
2512408,Puxinanã,PB,Paraíba,Nordeste,14942
2512507,Queimadas,PB,Paraíba,Nordeste,50698
2512606,Quixaba,PB,Paraíba,Nordeste,1803
2512705,Remígio,PB,Paraíba,Nordeste,18399
2512721,Pedro Régis,PB,Paraíba,Nordeste,5932
2512747,Riachão,PB,Paraíba,Nordeste,2945
2512754,Riachão do Bacamarte,PB,Paraíba,Nordeste,4911
2512762,Riachão do Poço,PB,Paraíba,Nordeste,4989
2512788,Riacho de Santo Antônio,PB,Paraíba,Nordeste,2063
2512804,Riacho dos Cavalos,PB,Paraíba,Nordeste,8788
2512903,Rio Tinto,PB,Paraíba,Nordeste,25500
2513000,Salgadinho,PB,Paraíba,Nordeste,3435
2513109,Salgado de São Félix,PB,Paraíba,Nordeste,11741
2513158,Santa Cecília,PB,Paraíba,Nordeste,8113
2513208,Santa Cruz,PB,Paraíba,Nordeste,6013
2513307,Santa Helena,PB,Paraíba,Nordeste,6023
2513356,Santa Inês,PB,Paraíba,Nordeste,3256
2513406,Santa Luzia,PB,Paraíba,Nordeste,15418
2513505,Santana de Mangueira,PB,Paraíba,Nordeste,5090
2513604,Santana dos Garrotes,PB,Paraíba,Nordeste,6618
2513653,Joca Claudino,PB,Paraíba,Nordeste,2607
2513703,Santa Rita,PB,Paraíba,Nordeste,160852
2513802,Santa Teresinha,PB,Paraíba,Nordeste,4492
2513851,Santo André,PB,Paraíba,Nordeste,2708
2513901,São Bento,PB,Paraíba,Nordeste,33845
2513927,São Bentinho,PB,Paraíba,Nordeste,4490
2513943,São Domingos do Cariri,PB,Paraíba,Nordeste,2688
2513968,São Domingos,PB,Paraíba,Nordeste,2624
2513984,São Francisco,PB,Paraíba,Nordeste,3176
2514008,São João do Cariri,PB,Paraíba,Nordeste,4345
2514107,São João do Tigre,PB,Paraíba,Nordeste,4359
2514206,São José da Lagoa Tapada,PB,Paraíba,Nordeste,7251
2514305,São José de Caiana,PB,Paraíba,Nordeste,4966
2514404,São José de Espinharas,PB,Paraíba,Nordeste,4056
2514453,São José dos Ramos,PB,Paraíba,Nordeste,6137
2514503,São José de Piranhas,PB,Paraíba,Nordeste,19561
2514552,São José de Princesa,PB,Paraíba,Nordeste,3323
2514602,São José do Bonfim,PB,Paraíba,Nordeste,3337
2514651,São José do Brejo do Cruz,PB,Paraíba,Nordeste,1750
2514701,São José do Sabugi,PB,Paraíba,Nordeste,4283
2514800,São José dos Cordeiros,PB,Paraíba,Nordeste,3462
2514909,São Mamede,PB,Paraíba,Nordeste,7629
2515005,São Miguel de Taipu,PB,Paraíba,Nordeste,7307
2515104,São Sebastião de Lagoa de Roça,PB,Paraíba,Nordeste,11387
2515203,São Sebastião do Umbuzeiro,PB,Paraíba,Nordeste,3382
2515302,Sapé,PB,Paraíba,Nordeste,53457
2515401,São Vicente do Seridó,PB,Paraíba,Nordeste,10652
2515500,Serra Branca,PB,Paraíba,Nordeste,14131
2515609,Serra da Raiz,PB,Paraíba,Nordeste,3156
2515708,Serra Grande,PB,Paraíba,Nordeste,3056
2515807,Serra Redonda,PB,Paraíba,Nordeste,6975
2515906,Serraria,PB,Paraíba,Nordeste,4754
2515930,Sertãozinho,PB,Paraíba,Nordeste,5332
2515971,Sobrado,PB,Paraíba,Nordeste,8646
2516003,Solânea,PB,Paraíba,Nordeste,27748
2516102,Soledade,PB,Paraíba,Nordeste,14409
2516151,Sossêgo,PB,Paraíba,Nordeste,3476
2516201,Sousa,PB,Paraíba,Nordeste,70066
2516300,Sumé,PB,Paraíba,Nordeste,17852
2516409,Tacima,PB,Paraíba,Nordeste,7794
2516508,Taperoá,PB,Paraíba,Nordeste,14358
2516607,Tavares,PB,Paraíba,Nordeste,14473
2516706,Teixeira,PB,Paraíba,Nordeste,15129
2516755,Tenório,PB,Paraíba,Nordeste,3082
2516805,Triunfo,PB,Paraíba,Nordeste,10315
2516904,Uiraúna,PB,Paraíba,Nordeste,15431
2517001,Umbuzeiro,PB,Paraíba,Nordeste,9274
2517100,Várzea,PB,Paraíba,Nordeste,2777
2517209,Vieirópolis,PB,Paraíba,Nordeste,4967
2517407,Zabelê,PB,Paraíba,Nordeste,2323
2600054,Abreu e Lima,PE,Pernambuco,Nordeste,104248
2600104,Afogados da Ingazeira,PE,Pernambuco,Nordeste,42672
2600203,Afrânio,PE,Pernambuco,Nordeste,19409
2600302,Agrestina,PE,Pernambuco,Nordeste,24680
2600401,Água Preta,PE,Pernambuco,Nordeste,26981
2600500,Águas Belas,PE,Pernambuco,Nordeste,43822
2600609,Alagoinha,PE,Pernambuco,Nordeste,14460
2600708,Aliança,PE,Pernambuco,Nordeste,37349
2600807,Altinho,PE,Pernambuco,Nordeste,21134
2600906,Amaraji,PE,Pernambuco,Nordeste,18335
2601003,Angelim,PE,Pernambuco,Nordeste,10591
2601052,Araçoiaba,PE,Pernambuco,Nordeste,19996
2601102,Araripina,PE,Pernambuco,Nordeste,90504
2601201,Arcoverde,PE,Pernambuco,Nordeste,82487
2601300,Barra de Guabiraba,PE,Pernambuco,Nordeste,12601
2601409,Barreiros,PE,Pernambuco,Nordeste,42083
2601508,Belém de Maria,PE,Pernambuco,Nordeste,10798
2601607,Belém do São Francisco,PE,Pernambuco,Nordeste,18648
2601706,Belo Jardim,PE,Pernambuco,Nordeste,84033
2601805,Betânia,PE,Pernambuco,Nordeste,11961
2601904,Bezerros,PE,Pernambuco,Nordeste,65007
2602001,Bodocó,PE,Pernambuco,Nordeste,36145
2602100,Bom Conselho,PE,Pernambuco,Nordeste,46202
2602209,Bom Jardim,PE,Pernambuco,Nordeste,39289
2602308,Bonito,PE,Pernambuco,Nordeste,39212
2602407,Brejão,PE,Pernambuco,Nordeste,9417
2602506,Brejinho,PE,Pernambuco,Nordeste,8033
2602605,Brejo da Madre de Deus,PE,Pernambuco,Nordeste,51308
2602704,Buenos Aires,PE,Pernambuco,Nordeste,13276
2602803,Buíque,PE,Pernambuco,Nordeste,53489
2602902,Cabo de Santo Agostinho,PE,Pernambuco,Nordeste,218049
2603009,Cabrobó,PE,Pernambuco,Nordeste,31762
2603108,Cachoeirinha,PE,Pernambuco,Nordeste,20673
2603207,Caetés,PE,Pernambuco,Nordeste,30571
2603306,Calçado,PE,Pernambuco,Nordeste,11453
2603405,Calumbi,PE,Pernambuco,Nordeste,5354
2603454,Camaragibe,PE,Pernambuco,Nordeste,156112
2603504,Camocim de São Félix,PE,Pernambuco,Nordeste,18018
2603603,Camutanga,PE,Pernambuco,Nordeste,7962
2603702,Canhotinho,PE,Pernambuco,Nordeste,25103
2603801,Capoeiras,PE,Pernambuco,Nordeste,18854
2603900,Carnaíba,PE,Pernambuco,Nordeste,19533
2603926,Carnaubeira da Penha,PE,Pernambuco,Nordeste,12712
2604007,Carpina,PE,Pernambuco,Nordeste,83482
2604106,Caruaru,PE,Pernambuco,Nordeste,405408
2604155,Casinhas,PE,Pernambuco,Nordeste,13468
2604205,Catende,PE,Pernambuco,Nordeste,33086
2604304,Cedro,PE,Pernambuco,Nordeste,10843
2604403,Chã de Alegria,PE,Pernambuco,Nordeste,13496
2604502,Chã Grande,PE,Pernambuco,Nordeste,21258
2604601,Condado,PE,Pernambuco,Nordeste,25416
2604700,Correntes,PE,Pernambuco,Nordeste,17670
2604809,Cortês,PE,Pernambuco,Nordeste,10426
2604908,Cumaru,PE,Pernambuco,Nordeste,16215
2605004,Cupira,PE,Pernambuco,Nordeste,24343
2605103,Custódia,PE,Pernambuco,Nordeste,39609
2605152,Dormentes,PE,Pernambuco,Nordeste,17850
2605202,Escada,PE,Pernambuco,Nordeste,62174
2605301,Exu,PE,Pernambuco,Nordeste,33486
2605400,Feira Nova,PE,Pernambuco,Nordeste,22222
2605459,Fernando de Noronha,PE,Pernambuco,Nordeste,3341
2605509,Ferreiros,PE,Pernambuco,Nordeste,15955
2605608,Flores,PE,Pernambuco,Nordeste,20776
2605707,Floresta,PE,Pernambuco,Nordeste,31702
2605806,Frei Miguelinho,PE,Pernambuco,Nordeste,14055
2605905,Gameleira,PE,Pernambuco,Nordeste,17583
2606002,Garanhuns,PE,Pernambuco,Nordeste,151803
2606101,Glória do Goitá,PE,Pernambuco,Nordeste,30420
2606200,Goiana,PE,Pernambuco,Nordeste,85497
2606309,Granito,PE,Pernambuco,Nordeste,7217
2606408,Gravatá,PE,Pernambuco,Nordeste,92429
2606507,Iati,PE,Pernambuco,Nordeste,17570
2606606,Ibimirim,PE,Pernambuco,Nordeste,28825
2606705,Ibirajuba,PE,Pernambuco,Nordeste,7334
2606804,Igarassu,PE,Pernambuco,Nordeste,123017
2606903,Iguaracy,PE,Pernambuco,Nordeste,11347
2607000,Inajá,PE,Pernambuco,Nordeste,27758
2607109,Ingazeira,PE,Pernambuco,Nordeste,4975
2607208,Ipojuca,PE,Pernambuco,Nordeste,106539
2607307,Ipubi,PE,Pernambuco,Nordeste,30720
2607406,Itacuruba,PE,Pernambuco,Nordeste,4491
2607505,Itaíba,PE,Pernambuco,Nordeste,33995
2607604,Ilha de Itamaracá,PE,Pernambuco,Nordeste,25658
2607653,Itambé,PE,Pernambuco,Nordeste,36652
2607703,Itapetim,PE,Pernambuco,Nordeste,14236
2607752,Itapissuma,PE,Pernambuco,Nordeste,29669
2607802,Itaquitinga,PE,Pernambuco,Nordeste,17142
2607901,Jaboatão dos Guararapes,PE,Pernambuco,Nordeste,684293
2607950,Jaqueira,PE,Pernambuco,Nordeste,10440
2608008,Jataúba,PE,Pernambuco,Nordeste,16328
2608057,Jatobá,PE,Pernambuco,Nordeste,14477
2608107,João Alfredo,PE,Pernambuco,Nordeste,28842
2608206,Joaquim Nabuco,PE,Pernambuco,Nordeste,13416
2608255,Jucati,PE,Pernambuco,Nordeste,12023
2608305,Jupi,PE,Pernambuco,Nordeste,16022
2608404,Jurema,PE,Pernambuco,Nordeste,14002
2608453,Lagoa do Carro,PE,Pernambuco,Nordeste,18804
2608503,Lagoa de Itaenga,PE,Pernambuco,Nordeste,19863
2608602,Lagoa do Ouro,PE,Pernambuco,Nordeste,12367
2608701,Lagoa dos Gatos,PE,Pernambuco,Nordeste,14333
2608750,Lagoa Grande,PE,Pernambuco,Nordeste,24951
2608800,Lajedo,PE,Pernambuco,Nordeste,41960
2608909,Limoeiro,PE,Pernambuco,Nordeste,59236
2609006,Macaparana,PE,Pernambuco,Nordeste,24642
2609105,Machados,PE,Pernambuco,Nordeste,11387
2609154,Manari,PE,Pernambuco,Nordeste,27046
2609204,Maraial,PE,Pernambuco,Nordeste,9322
2609303,Mirandiba,PE,Pernambuco,Nordeste,14605
2609402,Moreno,PE,Pernambuco,Nordeste,57654
2609501,Nazaré da Mata,PE,Pernambuco,Nordeste,32187
2609600,Olinda,PE,Pernambuco,Nordeste,364717
2609709,Orobó,PE,Pernambuco,Nordeste,22412
2609808,Orocó,PE,Pernambuco,Nordeste,14129
2609907,Ouricuri,PE,Pernambuco,Nordeste,68489
2610004,Palmares,PE,Pernambuco,Nordeste,56475
2610103,Palmeirina,PE,Pernambuco,Nordeste,7104
2610202,Panelas,PE,Pernambuco,Nordeste,23337
2610301,Paranatama,PE,Pernambuco,Nordeste,12778
2610400,Parnamirim,PE,Pernambuco,Nordeste,18960
2610509,Passira,PE,Pernambuco,Nordeste,29744
2610608,Paudalho,PE,Pernambuco,Nordeste,59924
2610707,Paulista,PE,Pernambuco,Nordeste,365144
2610806,Pedra,PE,Pernambuco,Nordeste,23671
2610905,Pesqueira,PE,Pernambuco,Nordeste,65481
2611002,Petrolândia,PE,Pernambuco,Nordeste,36104
2611101,Petrolina,PE,Pernambuco,Nordeste,418444
2611200,Poção,PE,Pernambuco,Nordeste,10792
2611309,Pombos,PE,Pernambuco,Nordeste,26942
2611408,Primavera,PE,Pernambuco,Nordeste,14380
2611507,Quipapá,PE,Pernambuco,Nordeste,17731
2611533,Quixaba,PE,Pernambuco,Nordeste,6753
2611606,Recife,PE,Pernambuco,Nordeste,1588376
2611705,Riacho das Almas,PE,Pernambuco,Nordeste,21490
2611804,Ribeirão,PE,Pernambuco,Nordeste,33843
2611903,Rio Formoso,PE,Pernambuco,Nordeste,20388
2612000,Sairé,PE,Pernambuco,Nordeste,11213
2612109,Salgadinho,PE,Pernambuco,Nordeste,5478
2612208,Salgueiro,PE,Pernambuco,Nordeste,65946
2612307,Saloá,PE,Pernambuco,Nordeste,14125
2612406,Sanharó,PE,Pernambuco,Nordeste,18812
2612455,Santa Cruz,PE,Pernambuco,Nordeste,14342
2612471,Santa Cruz da Baixa Verde,PE,Pernambuco,Nordeste,11934
2612505,Santa Cruz do Capibaribe,PE,Pernambuco,Nordeste,104854
2612554,Santa Filomena,PE,Pernambuco,Nordeste,12360
2612604,Santa Maria da Boa Vista,PE,Pernambuco,Nordeste,42782
2612703,Santa Maria do Cambucá,PE,Pernambuco,Nordeste,14586
2612802,Santa Terezinha,PE,Pernambuco,Nordeste,10487
2612901,São Benedito do Sul,PE,Pernambuco,Nordeste,13456
2613008,São Bento do Una,PE,Pernambuco,Nordeste,51165
2613107,São Caitano,PE,Pernambuco,Nordeste,39243
2613206,São João,PE,Pernambuco,Nordeste,24895
2613305,São Joaquim do Monte,PE,Pernambuco,Nordeste,20438
2613404,São José da Coroa Grande,PE,Pernambuco,Nordeste,19511
2613503,São José do Belmonte,PE,Pernambuco,Nordeste,36890
2613602,São José do Egito,PE,Pernambuco,Nordeste,32508
2613701,São Lourenço da Mata,PE,Pernambuco,Nordeste,118258
2613800,São Vicente Férrer,PE,Pernambuco,Nordeste,17177
2613909,Serra Talhada,PE,Pernambuco,Nordeste,98816
2614006,Serrita,PE,Pernambuco,Nordeste,18764
2614105,Sertânia,PE,Pernambuco,Nordeste,34271
2614204,Sirinhaém,PE,Pernambuco,Nordeste,39171
2614303,Moreilândia,PE,Pernambuco,Nordeste,10839
2614402,Solidão,PE,Pernambuco,Nordeste,5386
2614501,Surubim,PE,Pernambuco,Nordeste,67821
2614600,Tabira,PE,Pernambuco,Nordeste,29180
2614709,Tacaimbó,PE,Pernambuco,Nordeste,14330
2614808,Tacaratu,PE,Pernambuco,Nordeste,24898
2614857,Tamandaré,PE,Pernambuco,Nordeste,24670
2615003,Taquaritinga do Norte,PE,Pernambuco,Nordeste,25511
2615102,Terezinha,PE,Pernambuco,Nordeste,6853
2615201,Terra Nova,PE,Pernambuco,Nordeste,9231
2615300,Timbaúba,PE,Pernambuco,Nordeste,47312
2615409,Toritama,PE,Pernambuco,Nordeste,43921
2615508,Tracunhaém,PE,Pernambuco,Nordeste,14439
2615607,Trindade,PE,Pernambuco,Nordeste,32257
2615706,Triunfo,PE,Pernambuco,Nordeste,15141
2615805,Tupanatinga,PE,Pernambuco,Nordeste,28141
2615904,Tuparetama,PE,Pernambuco,Nordeste,8261
2616001,Venturosa,PE,Pernambuco,Nordeste,17563
2616100,Verdejante,PE,Pernambuco,Nordeste,9483
2616183,Vertente do Lério,PE,Pernambuco,Nordeste,7776
2616209,Vertentes,PE,Pernambuco,Nordeste,23127
2616308,Vicência,PE,Pernambuco,Nordeste,27151
2616407,Vitória de Santo Antão,PE,Pernambuco,Nordeste,144243
2616506,Xexéu,PE,Pernambuco,Nordeste,11699
2700102,Água Branca,AL,Alagoas,Nordeste,19550
2700201,Anadia,AL,Alagoas,Nordeste,14167
2700300,Arapiraca,AL,Alagoas,Nordeste,243906
2700409,Atalaia,AL,Alagoas,Nordeste,38480
2700508,Barra de Santo Antônio,AL,Alagoas,Nordeste,16756
2700607,Barra de São Miguel,AL,Alagoas,Nordeste,8123
2700706,Batalha,AL,Alagoas,Nordeste,17103
2700805,Belém,AL,Alagoas,Nordeste,4819
2700904,Belo Monte,AL,Alagoas,Nordeste,5895
2701001,Boca da Mata,AL,Alagoas,Nordeste,21479
2701100,Branquinha,AL,Alagoas,Nordeste,9779
2701209,Cacimbinhas,AL,Alagoas,Nordeste,10705
2701308,Cajueiro,AL,Alagoas,Nordeste,16572
2701357,Campestre,AL,Alagoas,Nordeste,6808
2701407,Campo Alegre,AL,Alagoas,Nordeste,32558
2701506,Campo Grande,AL,Alagoas,Nordeste,8285
2701605,Canapi,AL,Alagoas,Nordeste,15730
2701704,Capela,AL,Alagoas,Nordeste,15051
2701803,Carneiros,AL,Alagoas,Nordeste,9206
2701902,Chã Preta,AL,Alagoas,Nordeste,6000
2702009,Coité do Nóia,AL,Alagoas,Nordeste,11036
2702108,Colônia Leopoldina,AL,Alagoas,Nordeste,15915
2702207,Coqueiro Seco,AL,Alagoas,Nordeste,5701
2702306,Coruripe,AL,Alagoas,Nordeste,51784
2702355,Craíbas,AL,Alagoas,Nordeste,26144
2702405,Delmiro Gouveia,AL,Alagoas,Nordeste,52845
2702504,Dois Riachos,AL,Alagoas,Nordeste,9898
2702553,Estrela de Alagoas,AL,Alagoas,Nordeste,15688
2702603,Feira Grande,AL,Alagoas,Nordeste,23204
2702702,Feliz Deserto,AL,Alagoas,Nordeste,4035
2702801,Flexeiras,AL,Alagoas,Nordeste,9745
2702900,Girau do Ponciano,AL,Alagoas,Nordeste,37337
2703007,Ibateguara,AL,Alagoas,Nordeste,13982
2703106,Igaci,AL,Alagoas,Nordeste,24445
2703205,Igreja Nova,AL,Alagoas,Nordeste,22113
2703304,Inhapi,AL,Alagoas,Nordeste,15396
2703403,Jacaré dos Homens,AL,Alagoas,Nordeste,5180
2703502,Jacuípe,AL,Alagoas,Nordeste,5419
2703601,Japaratinga,AL,Alagoas,Nordeste,9457
2703700,Jaramataia,AL,Alagoas,Nordeste,5069
2703759,Jequiá da Praia,AL,Alagoas,Nordeste,9607
2703809,Joaquim Gomes,AL,Alagoas,Nordeste,17342
2703908,Jundiá,AL,Alagoas,Nordeste,4175
2704005,Junqueiro,AL,Alagoas,Nordeste,24382
2704104,Lagoa da Canoa,AL,Alagoas,Nordeste,18836
2704203,Limoeiro de Anadia,AL,Alagoas,Nordeste,25184
2704302,Maceió,AL,Alagoas,Nordeste,994952
2704401,Major Isidoro,AL,Alagoas,Nordeste,17828
2704500,Maragogi,AL,Alagoas,Nordeste,33269
2704609,Maravilha,AL,Alagoas,Nordeste,9709
2704708,Marechal Deodoro,AL,Alagoas,Nordeste,62477
2704807,Maribondo,AL,Alagoas,Nordeste,13970
2704906,Mar Vermelho,AL,Alagoas,Nordeste,3208
2705002,Mata Grande,AL,Alagoas,Nordeste,22126
2705101,Matriz de Camaragibe,AL,Alagoas,Nordeste,24331
2705200,Messias,AL,Alagoas,Nordeste,15706
2705309,Minador do Negrão,AL,Alagoas,Nordeste,4935
2705408,Monteirópolis,AL,Alagoas,Nordeste,7344
2705507,Murici,AL,Alagoas,Nordeste,25926
2705606,Novo Lino,AL,Alagoas,Nordeste,10285
2705705,Olho d'Água das Flores,AL,Alagoas,Nordeste,21135
2705804,Olho d'Água do Casado,AL,Alagoas,Nordeste,8522
2705903,Olho d'Água Grande,AL,Alagoas,Nordeste,4381
2706000,Olivença,AL,Alagoas,Nordeste,11047
2706109,Ouro Branco,AL,Alagoas,Nordeste,11706
2706208,Palestina,AL,Alagoas,Nordeste,4408
2706307,Palmeira dos Índios,AL,Alagoas,Nordeste,73621
2706406,Pão de Açúcar,AL,Alagoas,Nordeste,24291
2706422,Pariconha,AL,Alagoas,Nordeste,10807
2706448,Paripueira,AL,Alagoas,Nordeste,14199
2706505,Passo de Camaragibe,AL,Alagoas,Nordeste,14070
2706604,Paulo Jacinto,AL,Alagoas,Nordeste,6691
2706703,Penedo,AL,Alagoas,Nordeste,60185
2706802,Piaçabuçu,AL,Alagoas,Nordeste,16192
2706901,Pilar,AL,Alagoas,Nordeste,36525
2707008,Pindoba,AL,Alagoas,Nordeste,2786
2707107,Piranhas,AL,Alagoas,Nordeste,23053
2707206,Poço das Trincheiras,AL,Alagoas,Nordeste,12965
2707305,Porto Calvo,AL,Alagoas,Nordeste,24509
2707404,Porto de Pedras,AL,Alagoas,Nordeste,9517
2707503,Porto Real do Colégio,AL,Alagoas,Nordeste,20273
2707602,Quebrangulo,AL,Alagoas,Nordeste,11303
2707701,Rio Largo,AL,Alagoas,Nordeste,97658
2707800,Roteiro,AL,Alagoas,Nordeste,6606
2707909,Santa Luzia do Norte,AL,Alagoas,Nordeste,7066
2708006,Santana do Ipanema,AL,Alagoas,Nordeste,47418
2708105,Santana do Mundaú,AL,Alagoas,Nordeste,11572
2708204,São Brás,AL,Alagoas,Nordeste,6557
2708303,São José da Laje,AL,Alagoas,Nordeste,21180
2708402,São José da Tapera,AL,Alagoas,Nordeste,31569
2708501,São Luís do Quitunde,AL,Alagoas,Nordeste,31785
2708600,São Miguel dos Campos,AL,Alagoas,Nordeste,53380
2708709,São Miguel dos Milagres,AL,Alagoas,Nordeste,8700
2708808,São Sebastião,AL,Alagoas,Nordeste,32707
2708907,Satuba,AL,Alagoas,Nordeste,25105
2708956,Senador Rui Palmeira,AL,Alagoas,Nordeste,12545
2709004,Tanque d'Arca,AL,Alagoas,Nordeste,5906
2709103,Taquarana,AL,Alagoas,Nordeste,19428
2709152,Teotônio Vilela,AL,Alagoas,Nordeste,39143
2709202,Traipu,AL,Alagoas,Nordeste,24106
2709301,União dos Palmares,AL,Alagoas,Nordeste,60860
2709400,Viçosa,AL,Alagoas,Nordeste,24414
2800100,Amparo do São Francisco,SE,Sergipe,Nordeste,2202
2800209,Aquidabã,SE,Sergipe,Nordeste,20556
2800308,Aracaju,SE,Sergipe,Nordeste,630932
2800407,Arauá,SE,Sergipe,Nordeste,10464
2800506,Areia Branca,SE,Sergipe,Nordeste,18626
2800605,Barra dos Coqueiros,SE,Sergipe,Nordeste,45175
2800670,Boquim,SE,Sergipe,Nordeste,25007
2800704,Brejo Grande,SE,Sergipe,Nordeste,8025
2801009,Campo do Brito,SE,Sergipe,Nordeste,18719
2801108,Canhoba,SE,Sergipe,Nordeste,3850
2801207,Canindé de São Francisco,SE,Sergipe,Nordeste,33641
2801306,Capela,SE,Sergipe,Nordeste,32783
2801405,Carira,SE,Sergipe,Nordeste,20314
2801504,Carmópolis,SE,Sergipe,Nordeste,14203
2801603,Cedro de São João,SE,Sergipe,Nordeste,5474
2801702,Cristinápolis,SE,Sergipe,Nordeste,17594
2801900,Cumbe,SE,Sergipe,Nordeste,3872
2802007,Divina Pastora,SE,Sergipe,Nordeste,4436
2802106,Estância,SE,Sergipe,Nordeste,67060
2802205,Feira Nova,SE,Sergipe,Nordeste,6358
2802304,Frei Paulo,SE,Sergipe,Nordeste,14921
2802403,Gararu,SE,Sergipe,Nordeste,11294
2802502,General Maynard,SE,Sergipe,Nordeste,3118
2802601,Graccho Cardoso,SE,Sergipe,Nordeste,5910
2802700,Ilha das Flores,SE,Sergipe,Nordeste,8499
2802809,Indiaroba,SE,Sergipe,Nordeste,16991
2802908,Itabaiana,SE,Sergipe,Nordeste,109250
2803005,Itabaianinha,SE,Sergipe,Nordeste,42230
2803104,Itabi,SE,Sergipe,Nordeste,4816
2803203,Itaporanga d'Ajuda,SE,Sergipe,Nordeste,36074
2803302,Japaratuba,SE,Sergipe,Nordeste,16451
2803401,Japoatã,SE,Sergipe,Nordeste,13723
2803500,Lagarto,SE,Sergipe,Nordeste,105957
2803609,Laranjeiras,SE,Sergipe,Nordeste,24047
2803708,Macambira,SE,Sergipe,Nordeste,7048
2803807,Malhada dos Bois,SE,Sergipe,Nordeste,3674
2803906,Malhador,SE,Sergipe,Nordeste,11712
2804003,Maruim,SE,Sergipe,Nordeste,15956
2804102,Moita Bonita,SE,Sergipe,Nordeste,11297
2804201,Monte Alegre de Sergipe,SE,Sergipe,Nordeste,14781
2804300,Muribeca,SE,Sergipe,Nordeste,8059
2804409,Neópolis,SE,Sergipe,Nordeste,16473
2804458,Nossa Senhora Aparecida,SE,Sergipe,Nordeste,9534
2804508,Nossa Senhora da Glória,SE,Sergipe,Nordeste,43686
2804607,Nossa Senhora das Dores,SE,Sergipe,Nordeste,25569
2804706,Nossa Senhora de Lourdes,SE,Sergipe,Nordeste,6409
2804805,Nossa Senhora do Socorro,SE,Sergipe,Nordeste,204081
2804904,Pacatuba,SE,Sergipe,Nordeste,12690
2805000,Pedra Mole,SE,Sergipe,Nordeste,2811
2805109,Pedrinhas,SE,Sergipe,Nordeste,7355
2805208,Pinhão,SE,Sergipe,Nordeste,5759
2805307,Pirambu,SE,Sergipe,Nordeste,8021
2805406,Poço Redondo,SE,Sergipe,Nordeste,29238
2805505,Poço Verde,SE,Sergipe,Nordeste,22217
2805604,Porto da Folha,SE,Sergipe,Nordeste,27348
2805703,Propriá,SE,Sergipe,Nordeste,27213
2805802,Riachão do Dantas,SE,Sergipe,Nordeste,18541
2805901,Riachuelo,SE,Sergipe,Nordeste,8853
2806008,Ribeirópolis,SE,Sergipe,Nordeste,17365
2806107,Rosário do Catete,SE,Sergipe,Nordeste,9507
2806206,Salgado,SE,Sergipe,Nordeste,20825
2806305,Santa Luzia do Itanhy,SE,Sergipe,Nordeste,14003
2806404,Santana do São Francisco,SE,Sergipe,Nordeste,7549
2806503,Santa Rosa de Lima,SE,Sergipe,Nordeste,4049
2806602,Santo Amaro das Brotas,SE,Sergipe,Nordeste,11289
2806701,São Cristóvão,SE,Sergipe,Nordeste,101213
2806800,São Domingos,SE,Sergipe,Nordeste,10559
2806909,São Francisco,SE,Sergipe,Nordeste,3330
2807006,São Miguel do Aleixo,SE,Sergipe,Nordeste,3471
2807105,Simão Dias,SE,Sergipe,Nordeste,44503
2807204,Siriri,SE,Sergipe,Nordeste,7981
2807303,Telha,SE,Sergipe,Nordeste,3389
2807402,Tobias Barreto,SE,Sergipe,Nordeste,52783
2807501,Tomar do Geru,SE,Sergipe,Nordeste,12094
2807600,Umbaúba,SE,Sergipe,Nordeste,24618
2900108,Abaíra,BA,Bahia,Nordeste,7407
2900207,Abaré,BA,Bahia,Nordeste,18269
2900306,Acajutiba,BA,Bahia,Nordeste,14200
2900355,Adustina,BA,Bahia,Nordeste,14510
2900405,Água Fria,BA,Bahia,Nordeste,14833
2900504,Érico Cardoso,BA,Bahia,Nordeste,10947
2900603,Aiquara,BA,Bahia,Nordeste,4583
2900702,Alagoinhas,BA,Bahia,Nordeste,161196
2900801,Alcobaça,BA,Bahia,Nordeste,25601
2900900,Almadina,BA,Bahia,Nordeste,5296
2901007,Amargosa,BA,Bahia,Nordeste,38585
2901106,Amélia Rodrigues,BA,Bahia,Nordeste,24830
2901155,América Dourada,BA,Bahia,Nordeste,15572
2901205,Anagé,BA,Bahia,Nordeste,26745
2901304,Andaraí,BA,Bahia,Nordeste,13545
2901353,Andorinha,BA,Bahia,Nordeste,15491
2901403,Angical,BA,Bahia,Nordeste,14178
2901502,Anguera,BA,Bahia,Nordeste,11490
2901601,Antas,BA,Bahia,Nordeste,14984
2901700,Antônio Cardoso,BA,Bahia,Nordeste,11498
2901809,Antônio Gonçalves,BA,Bahia,Nordeste,11248
2901908,Aporá,BA,Bahia,Nordeste,16361
2901957,Apuarema,BA,Bahia,Nordeste,7101
2902005,Aracatu,BA,Bahia,Nordeste,14440
2902054,Araçás,BA,Bahia,Nordeste,11953
2902104,Araci,BA,Bahia,Nordeste,50308
2902203,Aramari,BA,Bahia,Nordeste,10106
2902252,Arataca,BA,Bahia,Nordeste,10433
2902302,Aratuípe,BA,Bahia,Nordeste,8993
2902401,Aurelino Leal,BA,Bahia,Nordeste,11339
2902500,Baianópolis,BA,Bahia,Nordeste,14138
2902609,Baixa Grande,BA,Bahia,Nordeste,18628
2902658,Banzaê,BA,Bahia,Nordeste,12288
2902708,Barra,BA,Bahia,Nordeste,53642
2902807,Barra da Estiva,BA,Bahia,Nordeste,27743
2902906,Barra do Choça,BA,Bahia,Nordeste,38581
2903003,Barra do Mendes,BA,Bahia,Nordeste,14376
2903102,Barra do Rocha,BA,Bahia,Nordeste,5898
2903201,Barreiras,BA,Bahia,Nordeste,171634
2903235,Barro Alto,BA,Bahia,Nordeste,13922
2903276,Barrocas,BA,Bahia,Nordeste,15780
2903300,Barro Preto,BA,Bahia,Nordeste,5936
2903409,Belmonte,BA,Bahia,Nordeste,20527
2903508,Belo Campo,BA,Bahia,Nordeste,19074
2903607,Biritinga,BA,Bahia,Nordeste,15603
2903706,Boa Nova,BA,Bahia,Nordeste,14008
2903805,Boa Vista do Tupim,BA,Bahia,Nordeste,17262
2903904,Bom Jesus da Lapa,BA,Bahia,Nordeste,68866
2903953,Bom Jesus da Serra,BA,Bahia,Nordeste,10018
2904001,Boninal,BA,Bahia,Nordeste,14125
2904050,Bonito,BA,Bahia,Nordeste,16425
2904100,Boquira,BA,Bahia,Nordeste,19782
2904209,Botuporã,BA,Bahia,Nordeste,11427
2904308,Brejões,BA,Bahia,Nordeste,13224
2904407,Brejolândia,BA,Bahia,Nordeste,9363
2904506,Brotas de Macaúbas,BA,Bahia,Nordeste,12180
2904605,Brumado,BA,Bahia,Nordeste,74368
2904704,Buerarema,BA,Bahia,Nordeste,14950
2904753,Buritirama,BA,Bahia,Nordeste,20221
2904803,Caatiba,BA,Bahia,Nordeste,6128
2904852,Cabaceiras do Paraguaçu,BA,Bahia,Nordeste,17024
2904902,Cachoeira,BA,Bahia,Nordeste,30498
2905008,Caculé,BA,Bahia,Nordeste,23293
2905107,Caém,BA,Bahia,Nordeste,10733
2905156,Caetanos,BA,Bahia,Nordeste,11432
2905206,Caetité,BA,Bahia,Nordeste,54730
2905305,Cafarnaum,BA,Bahia,Nordeste,18057
2905404,Cairu,BA,Bahia,Nordeste,18578
2905503,Caldeirão Grande,BA,Bahia,Nordeste,13597
2905602,Camacan,BA,Bahia,Nordeste,22485
2905701,Camaçari,BA,Bahia,Nordeste,321636
2905800,Camamu,BA,Bahia,Nordeste,31694
2905909,Campo Alegre de Lourdes,BA,Bahia,Nordeste,32500
2906006,Campo Formoso,BA,Bahia,Nordeste,75112
2906105,Canápolis,BA,Bahia,Nordeste,10641
2906204,Canarana,BA,Bahia,Nordeste,25007
2906303,Canavieiras,BA,Bahia,Nordeste,34392
2906402,Candeal,BA,Bahia,Nordeste,7940
2906501,Candeias,BA,Bahia,Nordeste,74854
2906600,Candiba,BA,Bahia,Nordeste,13417
2906709,Cândido Sales,BA,Bahia,Nordeste,26469
2906808,Cansanção,BA,Bahia,Nordeste,39725
2906824,Canudos,BA,Bahia,Nordeste,16693
2906857,Capela do Alto Alegre,BA,Bahia,Nordeste,11035
2906873,Capim Grosso,BA,Bahia,Nordeste,35437
2906899,Caraíbas,BA,Bahia,Nordeste,10259
2906907,Caravelas,BA,Bahia,Nordeste,21384
2907004,Cardeal da Silva,BA,Bahia,Nordeste,8633
2907103,Carinhanha,BA,Bahia,Nordeste,30439
2907202,Casa Nova,BA,Bahia,Nordeste,76131
2907301,Castro Alves,BA,Bahia,Nordeste,25470
2907400,Catolândia,BA,Bahia,Nordeste,3567
2907509,Catu,BA,Bahia,Nordeste,50109
2907558,Caturama,BA,Bahia,Nordeste,9108
2907608,Central,BA,Bahia,Nordeste,16847
2907707,Chorrochó,BA,Bahia,Nordeste,10933
2907806,Cícero Dantas,BA,Bahia,Nordeste,32292
2907905,Cipó,BA,Bahia,Nordeste,17875
2908002,Coaraci,BA,Bahia,Nordeste,17557
2908101,Cocos,BA,Bahia,Nordeste,19865
2908200,Conceição da Feira,BA,Bahia,Nordeste,21529
2908309,Conceição do Almeida,BA,Bahia,Nordeste,16134
2908408,Conceição do Coité,BA,Bahia,Nordeste,71601
2908507,Conceição do Jacuípe,BA,Bahia,Nordeste,37622
2908606,Conde,BA,Bahia,Nordeste,24460
2908705,Condeúba,BA,Bahia,Nordeste,17567
2908804,Contendas do Sincorá,BA,Bahia,Nordeste,4499
2908903,Coração de Maria,BA,Bahia,Nordeste,28408
2909000,Cordeiros,BA,Bahia,Nordeste,7748
2909109,Coribe,BA,Bahia,Nordeste,14463
2909208,Coronel João Sá,BA,Bahia,Nordeste,17598
2909307,Correntina,BA,Bahia,Nordeste,34266
2909406,Cotegipe,BA,Bahia,Nordeste,13463
2909505,Cravolândia,BA,Bahia,Nordeste,4491
2909604,Crisópolis,BA,Bahia,Nordeste,20346
2909703,Cristópolis,BA,Bahia,Nordeste,14549
2909802,Cruz das Almas,BA,Bahia,Nordeste,63326
2909901,Curaçá,BA,Bahia,Nordeste,36127
2910008,Dário Meira,BA,Bahia,Nordeste,11054
2910057,Dias d'Ávila,BA,Bahia,Nordeste,75296
2910107,Dom Basílio,BA,Bahia,Nordeste,12329
2910206,Dom Macedo Costa,BA,Bahia,Nordeste,4608
2910305,Elísio Medrado,BA,Bahia,Nordeste,8069
2910404,Encruzilhada,BA,Bahia,Nordeste,19450
2910503,Entre Rios,BA,Bahia,Nordeste,39890
2910602,Esplanada,BA,Bahia,Nordeste,34163
2910701,Euclides da Cunha,BA,Bahia,Nordeste,64768
2910727,Eunápolis,BA,Bahia,Nordeste,121067
2910750,Fátima,BA,Bahia,Nordeste,18480
2910776,Feira da Mata,BA,Bahia,Nordeste,5831
2910800,Feira de Santana,BA,Bahia,Nordeste,660806
2910859,Filadélfia,BA,Bahia,Nordeste,18637
2910909,Firmino Alves,BA,Bahia,Nordeste,4993
2911006,Floresta Azul,BA,Bahia,Nordeste,11455
2911105,Formosa do Rio Preto,BA,Bahia,Nordeste,27567
2911204,Gandu,BA,Bahia,Nordeste,34051
2911253,Gavião,BA,Bahia,Nordeste,4489
2911303,Gentio do Ouro,BA,Bahia,Nordeste,11276
2911402,Glória,BA,Bahia,Nordeste,16107
2911501,Gongogi,BA,Bahia,Nordeste,5479
2911600,Governador Mangabeira,BA,Bahia,Nordeste,21353
2911659,Guajeru,BA,Bahia,Nordeste,8177
2911709,Guanambi,BA,Bahia,Nordeste,93488
2911808,Guaratinga,BA,Bahia,Nordeste,19413
2911857,Heliópolis,BA,Bahia,Nordeste,13055
2911907,Iaçu,BA,Bahia,Nordeste,25315
2912004,Ibiassucê,BA,Bahia,Nordeste,10746
2912103,Ibicaraí,BA,Bahia,Nordeste,22131
2912202,Ibicoara,BA,Bahia,Nordeste,21827
2912301,Ibicuí,BA,Bahia,Nordeste,14264
2912400,Ibipeba,BA,Bahia,Nordeste,17134
2912509,Ibipitanga,BA,Bahia,Nordeste,14317
2912608,Ibiquera,BA,Bahia,Nordeste,3833
2912707,Ibirapitanga,BA,Bahia,Nordeste,26917
2912806,Ibirapuã,BA,Bahia,Nordeste,9297
2912905,Ibirataia,BA,Bahia,Nordeste,19377
2913002,Ibitiara,BA,Bahia,Nordeste,15049
2913101,Ibititá,BA,Bahia,Nordeste,17517
2913200,Ibotirama,BA,Bahia,Nordeste,27723
2913309,Ichu,BA,Bahia,Nordeste,6428
2913408,Igaporã,BA,Bahia,Nordeste,16069
2913457,Igrapiúna,BA,Bahia,Nordeste,13501
2913507,Iguaí,BA,Bahia,Nordeste,21763
2913606,Ilhéus,BA,Bahia,Nordeste,189149
2913705,Inhambupe,BA,Bahia,Nordeste,35390
2913804,Ipecaetá,BA,Bahia,Nordeste,14016
2913903,Ipiaú,BA,Bahia,Nordeste,42429
2914000,Ipirá,BA,Bahia,Nordeste,59222
2914109,Ipupiara,BA,Bahia,Nordeste,10349
2914208,Irajuba,BA,Bahia,Nordeste,6232
2914307,Iramaia,BA,Bahia,Nordeste,11038
2914406,Iraquara,BA,Bahia,Nordeste,24833
2914505,Irará,BA,Bahia,Nordeste,29572
2914604,Irecê,BA,Bahia,Nordeste,78781
2914653,Itabela,BA,Bahia,Nordeste,29588
2914703,Itaberaba,BA,Bahia,Nordeste,68425
2914802,Itabuna,BA,Bahia,Nordeste,196344
2914901,Itacaré,BA,Bahia,Nordeste,29496
2915007,Itaeté,BA,Bahia,Nordeste,13775
2915106,Itagi,BA,Bahia,Nordeste,14347
2915205,Itagibá,BA,Bahia,Nordeste,15796
2915304,Itagimirim,BA,Bahia,Nordeste,6490
2915353,Itaguaçu da Bahia,BA,Bahia,Nordeste,12669
2915403,Itaju do Colônia,BA,Bahia,Nordeste,6118
2915502,Itajuípe,BA,Bahia,Nordeste,19191
2915601,Itamaraju,BA,Bahia,Nordeste,61999
2915700,Itamari,BA,Bahia,Nordeste,7187
2915809,Itambé,BA,Bahia,Nordeste,25088
2915908,Itanagra,BA,Bahia,Nordeste,6078
2916005,Itanhém,BA,Bahia,Nordeste,18203
2916104,Itaparica,BA,Bahia,Nordeste,20353
2916203,Itapé,BA,Bahia,Nordeste,10649
2916302,Itapebi,BA,Bahia,Nordeste,9464
2916401,Itapetinga,BA,Bahia,Nordeste,68724
2916500,Itapicuru,BA,Bahia,Nordeste,33284
2916609,Itapitanga,BA,Bahia,Nordeste,10640
2916708,Itaquara,BA,Bahia,Nordeste,8464
2916807,Itarantim,BA,Bahia,Nordeste,17485
2916856,Itatim,BA,Bahia,Nordeste,16454
2916906,Itiruçu,BA,Bahia,Nordeste,11211
2917003,Itiúba,BA,Bahia,Nordeste,35490
2917102,Itororó,BA,Bahia,Nordeste,16849
2917201,Ituaçu,BA,Bahia,Nordeste,18506
2917300,Ituberá,BA,Bahia,Nordeste,22154
2917334,Iuiu,BA,Bahia,Nordeste,11559
2917359,Jaborandi,BA,Bahia,Nordeste,9600
2917409,Jacaraci,BA,Bahia,Nordeste,14910
2917508,Jacobina,BA,Bahia,Nordeste,86896
2917607,Jaguaquara,BA,Bahia,Nordeste,47624
2917706,Jaguarari,BA,Bahia,Nordeste,34528
2917805,Jaguaripe,BA,Bahia,Nordeste,18349
2917904,Jandaíra,BA,Bahia,Nordeste,9508
2918001,Jequié,BA,Bahia,Nordeste,169201
2918100,Jeremoabo,BA,Bahia,Nordeste,39539
2918209,Jiquiriçá,BA,Bahia,Nordeste,14063
2918308,Jitaúna,BA,Bahia,Nordeste,14824
2918357,João Dourado,BA,Bahia,Nordeste,25892
2918407,Juazeiro,BA,Bahia,Nordeste,256122
2918456,Jucuruçu,BA,Bahia,Nordeste,9930
2918506,Jussara,BA,Bahia,Nordeste,17007
2918555,Jussari,BA,Bahia,Nordeste,6048
2918605,Jussiape,BA,Bahia,Nordeste,7567
2918704,Lafaiete Coutinho,BA,Bahia,Nordeste,4228
2918753,Lagoa Real,BA,Bahia,Nordeste,14550
2918803,Laje,BA,Bahia,Nordeste,21705
2918902,Lajedão,BA,Bahia,Nordeste,3994
2919009,Lajedinho,BA,Bahia,Nordeste,3610
2919058,Lajedo do Tabocal,BA,Bahia,Nordeste,7683
2919108,Lamarão,BA,Bahia,Nordeste,9303
2919157,Lapão,BA,Bahia,Nordeste,27014
2919207,Lauro de Freitas,BA,Bahia,Nordeste,219564
2919306,Lençóis,BA,Bahia,Nordeste,11194
2919405,Licínio de Almeida,BA,Bahia,Nordeste,12202
2919504,Livramento de Nossa Senhora,BA,Bahia,Nordeste,46376
2919553,Luís Eduardo Magalhães,BA,Bahia,Nordeste,118382
2919603,Macajuba,BA,Bahia,Nordeste,10740
2919702,Macarani,BA,Bahia,Nordeste,22768
2919801,Macaúbas,BA,Bahia,Nordeste,43653
2919900,Macururé,BA,Bahia,Nordeste,7435
2919926,Madre de Deus,BA,Bahia,Nordeste,19224
2919959,Maetinga,BA,Bahia,Nordeste,7218
2920007,Maiquinique,BA,Bahia,Nordeste,9009
2920106,Mairi,BA,Bahia,Nordeste,18130
2920205,Malhada,BA,Bahia,Nordeste,15814
2920304,Malhada de Pedras,BA,Bahia,Nordeste,8982
2920403,Manoel Vitorino,BA,Bahia,Nordeste,14287
2920452,Mansidão,BA,Bahia,Nordeste,14542
2920502,Maracás,BA,Bahia,Nordeste,29330
2920601,Maragogipe,BA,Bahia,Nordeste,37041
2920700,Maraú,BA,Bahia,Nordeste,25804
2920809,Marcionílio Souza,BA,Bahia,Nordeste,9475
2920908,Mascote,BA,Bahia,Nordeste,13918
2921005,Mata de São João,BA,Bahia,Nordeste,44962
2921054,Matina,BA,Bahia,Nordeste,10611
2921104,Medeiros Neto,BA,Bahia,Nordeste,22801
2921203,Miguel Calmon,BA,Bahia,Nordeste,25263
2921302,Milagres,BA,Bahia,Nordeste,11436
2921401,Mirangaba,BA,Bahia,Nordeste,16167
2921450,Mirante,BA,Bahia,Nordeste,10526
2921500,Monte Santo,BA,Bahia,Nordeste,49807
2921609,Morpará,BA,Bahia,Nordeste,8220
2921708,Morro do Chapéu,BA,Bahia,Nordeste,35235
2921807,Mortugaba,BA,Bahia,Nordeste,11477
2921906,Mucugê,BA,Bahia,Nordeste,12712
2922003,Mucuri,BA,Bahia,Nordeste,40114
2922052,Mulungu do Morro,BA,Bahia,Nordeste,13648
2922102,Mundo Novo,BA,Bahia,Nordeste,17197
2922201,Muniz Ferreira,BA,Bahia,Nordeste,7453
2922250,Muquém do São Francisco,BA,Bahia,Nordeste,10803
2922300,Muritiba,BA,Bahia,Nordeste,30180
2922409,Mutuípe,BA,Bahia,Nordeste,20590
2922508,Nazaré,BA,Bahia,Nordeste,28427
2922607,Nilo Peçanha,BA,Bahia,Nordeste,12399
2922656,Nordestina,BA,Bahia,Nordeste,19711
2922706,Nova Canaã,BA,Bahia,Nordeste,13970
2922730,Nova Fátima,BA,Bahia,Nordeste,8283
2922755,Nova Ibiá,BA,Bahia,Nordeste,6696
2922805,Nova Itarana,BA,Bahia,Nordeste,8073
2922854,Nova Redenção,BA,Bahia,Nordeste,7670
2922904,Nova Soure,BA,Bahia,Nordeste,24865
2923001,Nova Viçosa,BA,Bahia,Nordeste,41629
2923035,Novo Horizonte,BA,Bahia,Nordeste,11586
2923050,Novo Triunfo,BA,Bahia,Nordeste,11060
2923100,Olindina,BA,Bahia,Nordeste,22956
2923209,Oliveira dos Brejinhos,BA,Bahia,Nordeste,21323
2923308,Ouriçangas,BA,Bahia,Nordeste,7925
2923357,Ourolândia,BA,Bahia,Nordeste,20141
2923407,Palmas de Monte Alto,BA,Bahia,Nordeste,20666
2923506,Palmeiras,BA,Bahia,Nordeste,10894
2923605,Paramirim,BA,Bahia,Nordeste,21025
2923704,Paratinga,BA,Bahia,Nordeste,30680
2923803,Paripiranga,BA,Bahia,Nordeste,27860
2923902,Pau Brasil,BA,Bahia,Nordeste,9537
2924009,Paulo Afonso,BA,Bahia,Nordeste,119418
2924058,Pé de Serra,BA,Bahia,Nordeste,13677
2924108,Pedrão,BA,Bahia,Nordeste,6403
2924207,Pedro Alexandre,BA,Bahia,Nordeste,14226
2924306,Piatã,BA,Bahia,Nordeste,20938
2924405,Pilão Arcado,BA,Bahia,Nordeste,37388
2924504,Pindaí,BA,Bahia,Nordeste,15125
2924603,Pindobaçu,BA,Bahia,Nordeste,19601
2924652,Pintadas,BA,Bahia,Nordeste,10654
2924678,Piraí do Norte,BA,Bahia,Nordeste,11481
2924702,Piripá,BA,Bahia,Nordeste,9143
2924801,Piritiba,BA,Bahia,Nordeste,17697
2924900,Planaltino,BA,Bahia,Nordeste,8239
2925006,Planalto,BA,Bahia,Nordeste,24026
2925105,Poções,BA,Bahia,Nordeste,50773
2925204,Pojuca,BA,Bahia,Nordeste,33573
2925253,Ponto Novo,BA,Bahia,Nordeste,18763
2925303,Porto Seguro,BA,Bahia,Nordeste,182630
2925402,Potiraguá,BA,Bahia,Nordeste,10651
2925501,Prado,BA,Bahia,Nordeste,37533
2925600,Presidente Dutra,BA,Bahia,Nordeste,15677
2925709,Presidente Jânio Quadros,BA,Bahia,Nordeste,12963
2925758,Presidente Tancredo Neves,BA,Bahia,Nordeste,29489
2925808,Queimadas,BA,Bahia,Nordeste,27429
2925907,Quijingue,BA,Bahia,Nordeste,26443
2925931,Quixabeira,BA,Bahia,Nordeste,9839
2925956,Rafael Jambeiro,BA,Bahia,Nordeste,20081
2926004,Remanso,BA,Bahia,Nordeste,42855
2926103,Retirolândia,BA,Bahia,Nordeste,14174
2926202,Riachão das Neves,BA,Bahia,Nordeste,22329
2926301,Riachão do Jacuípe,BA,Bahia,Nordeste,35188
2926400,Riacho de Santana,BA,Bahia,Nordeste,32060
2926509,Ribeira do Amparo,BA,Bahia,Nordeste,14528
2926608,Ribeira do Pombal,BA,Bahia,Nordeste,56316
2926657,Ribeirão do Largo,BA,Bahia,Nordeste,10029
2926707,Rio de Contas,BA,Bahia,Nordeste,13634
2926806,Rio do Antônio,BA,Bahia,Nordeste,13495
2926905,Rio do Pires,BA,Bahia,Nordeste,10781
2927002,Rio Real,BA,Bahia,Nordeste,36966
2927101,Rodelas,BA,Bahia,Nordeste,10884
2927200,Ruy Barbosa,BA,Bahia,Nordeste,29590
2927309,Salinas da Margarida,BA,Bahia,Nordeste,15629
2927408,Salvador,BA,Bahia,Nordeste,2564204
2927507,Santa Bárbara,BA,Bahia,Nordeste,21787
2927606,Santa Brígida,BA,Bahia,Nordeste,15417
2927705,Santa Cruz Cabrália,BA,Bahia,Nordeste,31007
2927804,Santa Cruz da Vitória,BA,Bahia,Nordeste,4663
2927903,Santa Inês,BA,Bahia,Nordeste,10625
2928000,Santaluz,BA,Bahia,Nordeste,40066
2928059,Santa Luzia,BA,Bahia,Nordeste,14392
2928109,Santa Maria da Vitória,BA,Bahia,Nordeste,40474
2928208,Santana,BA,Bahia,Nordeste,25521
2928307,Santanópolis,BA,Bahia,Nordeste,9035
2928406,Santa Rita de Cássia,BA,Bahia,Nordeste,28890
2928505,Santa Terezinha,BA,Bahia,Nordeste,10882
2928604,Santo Amaro,BA,Bahia,Nordeste,58398
2928703,Santo Antônio de Jesus,BA,Bahia,Nordeste,109791
2928802,Santo Estêvão,BA,Bahia,Nordeste,55146
2928901,São Desidério,BA,Bahia,Nordeste,34982
2928950,São Domingos,BA,Bahia,Nordeste,8690
2929008,São Félix,BA,Bahia,Nordeste,11102
2929057,São Félix do Coribe,BA,Bahia,Nordeste,15780
2929107,São Felipe,BA,Bahia,Nordeste,20923
2929206,São Francisco do Conde,BA,Bahia,Nordeste,41110
2929255,São Gabriel,BA,Bahia,Nordeste,19229
2929305,São Gonçalo dos Campos,BA,Bahia,Nordeste,42171
2929354,São José da Vitória,BA,Bahia,Nordeste,5432
2929370,São José do Jacuípe,BA,Bahia,Nordeste,10576
2929404,São Miguel das Matas,BA,Bahia,Nordeste,10615
2929503,São Sebastião do Passé,BA,Bahia,Nordeste,42944
2929602,Sapeaçu,BA,Bahia,Nordeste,18656
2929701,Sátiro Dias,BA,Bahia,Nordeste,16476
2929750,Saubara,BA,Bahia,Nordeste,11859
2929800,Saúde,BA,Bahia,Nordeste,10661
2929909,Seabra,BA,Bahia,Nordeste,48721
2930006,Sebastião Laranjeiras,BA,Bahia,Nordeste,9581
2930105,Senhor do Bonfim,BA,Bahia,Nordeste,78090
2930154,Serra do Ramalho,BA,Bahia,Nordeste,36252
2930204,Sento Sé,BA,Bahia,Nordeste,40232
2930303,Serra Dourada,BA,Bahia,Nordeste,17574
2930402,Serra Preta,BA,Bahia,Nordeste,18754
2930501,Serrinha,BA,Bahia,Nordeste,84690
2930600,Serrolândia,BA,Bahia,Nordeste,13863
2930709,Simões Filho,BA,Bahia,Nordeste,120419
2930758,Sítio do Mato,BA,Bahia,Nordeste,13982
2930766,Sítio do Quinto,BA,Bahia,Nordeste,14435
2930774,Sobradinho,BA,Bahia,Nordeste,27097
2930808,Souto Soares,BA,Bahia,Nordeste,17724
2930907,Tabocas do Brejo Velho,BA,Bahia,Nordeste,12368
2931004,Tanhaçu,BA,Bahia,Nordeste,21787
2931053,Tanque Novo,BA,Bahia,Nordeste,17812
2931103,Tanquinho,BA,Bahia,Nordeste,7991
2931202,Taperoá,BA,Bahia,Nordeste,18556
2931301,Tapiramutá,BA,Bahia,Nordeste,16226
2931350,Teixeira de Freitas,BA,Bahia,Nordeste,153738
2931400,Teodoro Sampaio,BA,Bahia,Nordeste,7280
2931509,Teofilândia,BA,Bahia,Nordeste,21825
2931608,Teolândia,BA,Bahia,Nordeste,15978
2931707,Terra Nova,BA,Bahia,Nordeste,10976
2931806,Tremedal,BA,Bahia,Nordeste,16646
2931905,Tucano,BA,Bahia,Nordeste,51016
2932002,Uauá,BA,Bahia,Nordeste,25449
2932101,Ubaíra,BA,Bahia,Nordeste,19142
2932200,Ubaitaba,BA,Bahia,Nordeste,17878
2932309,Ubatã,BA,Bahia,Nordeste,15839
2932408,Uibaí,BA,Bahia,Nordeste,13886
2932457,Umburanas,BA,Bahia,Nordeste,13785
2932507,Una,BA,Bahia,Nordeste,18254
2932606,Urandi,BA,Bahia,Nordeste,15776
2932705,Uruçuca,BA,Bahia,Nordeste,22155
2932804,Utinga,BA,Bahia,Nordeste,16645
2932903,Valença,BA,Bahia,Nordeste,90053
2933000,Valente,BA,Bahia,Nordeste,25132
2933059,Várzea da Roça,BA,Bahia,Nordeste,14294
2933109,Várzea do Poço,BA,Bahia,Nordeste,8334
2933158,Várzea Nova,BA,Bahia,Nordeste,13866
2933174,Varzedo,BA,Bahia,Nordeste,10328
2933208,Vera Cruz,BA,Bahia,Nordeste,45191
2933257,Vereda,BA,Bahia,Nordeste,6157
2933307,Vitória da Conquista,BA,Bahia,Nordeste,396613
2933406,Wagner,BA,Bahia,Nordeste,9866
2933455,Wanderley,BA,Bahia,Nordeste,13460
2933505,Wenceslau Guimarães,BA,Bahia,Nordeste,25535
2933604,Xique-Xique,BA,Bahia,Nordeste,47019
3100104,Abadia dos Dourados,MG,Minas Gerais,Sudeste,6345
3100203,Abaeté,MG,Minas Gerais,Sudeste,23173
3100302,Abre Campo,MG,Minas Gerais,Sudeste,14354
3100401,Acaiaca,MG,Minas Gerais,Sudeste,3998
3100500,Açucena,MG,Minas Gerais,Sudeste,8926
3100609,Água Boa,MG,Minas Gerais,Sudeste,12391
3100708,Água Comprida,MG,Minas Gerais,Sudeste,2171
3100807,Aguanil,MG,Minas Gerais,Sudeste,4509
3100906,Águas Formosas,MG,Minas Gerais,Sudeste,18850
3101003,Águas Vermelhas,MG,Minas Gerais,Sudeste,14567
3101102,Aimorés,MG,Minas Gerais,Sudeste,26212
3101201,Aiuruoca,MG,Minas Gerais,Sudeste,6389
3101300,Alagoa,MG,Minas Gerais,Sudeste,2820
3101409,Albertina,MG,Minas Gerais,Sudeste,3027
3101508,Além Paraíba,MG,Minas Gerais,Sudeste,31159
3101607,Alfenas,MG,Minas Gerais,Sudeste,82303
3101631,Alfredo Vasconcelos,MG,Minas Gerais,Sudeste,7236
3101706,Almenara,MG,Minas Gerais,Sudeste,42019
3101805,Alpercata,MG,Minas Gerais,Sudeste,7019
3101904,Alpinópolis,MG,Minas Gerais,Sudeste,18673
3102001,Alterosa,MG,Minas Gerais,Sudeste,14272
3102050,Alto Caparaó,MG,Minas Gerais,Sudeste,6014
3102100,Alto Rio Doce,MG,Minas Gerais,Sudeste,10931
3102209,Alvarenga,MG,Minas Gerais,Sudeste,3983
3102308,Alvinópolis,MG,Minas Gerais,Sudeste,15358
3102407,Alvorada de Minas,MG,Minas Gerais,Sudeste,4359
3102506,Amparo do Serra,MG,Minas Gerais,Sudeste,4574
3102605,Andradas,MG,Minas Gerais,Sudeste,42501
3102704,Cachoeira de Pajeú,MG,Minas Gerais,Sudeste,9347
3102803,Andrelândia,MG,Minas Gerais,Sudeste,12163
3102852,Angelândia,MG,Minas Gerais,Sudeste,7849
3102902,Antônio Carlos,MG,Minas Gerais,Sudeste,11350
3103009,Antônio Dias,MG,Minas Gerais,Sudeste,9375
3103108,Antônio Prado de Minas,MG,Minas Gerais,Sudeste,1552
3103207,Araçaí,MG,Minas Gerais,Sudeste,2222
3103306,Aracitaba,MG,Minas Gerais,Sudeste,2095
3103405,Araçuaí,MG,Minas Gerais,Sudeste,35185
3103504,Araguari,MG,Minas Gerais,Sudeste,123432
3103603,Arantina,MG,Minas Gerais,Sudeste,2998
3103702,Araponga,MG,Minas Gerais,Sudeste,8218
3103751,Araporã,MG,Minas Gerais,Sudeste,9069
3103801,Arapuá,MG,Minas Gerais,Sudeste,2668
3103900,Araújos,MG,Minas Gerais,Sudeste,9634
3104007,Araxá,MG,Minas Gerais,Sudeste,118786
3104106,Arceburgo,MG,Minas Gerais,Sudeste,9335
3104205,Arcos,MG,Minas Gerais,Sudeste,43653
3104304,Areado,MG,Minas Gerais,Sudeste,14229
3104403,Argirita,MG,Minas Gerais,Sudeste,2715
3104452,Aricanduva,MG,Minas Gerais,Sudeste,4820
3104502,Arinos,MG,Minas Gerais,Sudeste,17586
3104601,Astolfo Dutra,MG,Minas Gerais,Sudeste,14633
3104700,Ataléia,MG,Minas Gerais,Sudeste,13936
3104809,Augusto de Lima,MG,Minas Gerais,Sudeste,4572
3104908,Baependi,MG,Minas Gerais,Sudeste,18782
3105004,Baldim,MG,Minas Gerais,Sudeste,7595
3105103,Bambuí,MG,Minas Gerais,Sudeste,24203
3105202,Bandeira,MG,Minas Gerais,Sudeste,4811
3105301,Bandeira do Sul,MG,Minas Gerais,Sudeste,6183
3105400,Barão de Cocais,MG,Minas Gerais,Sudeste,32264
3105509,Barão do Monte Alto,MG,Minas Gerais,Sudeste,4952
3105608,Barbacena,MG,Minas Gerais,Sudeste,129695
3105707,Barra Longa,MG,Minas Gerais,Sudeste,5717
3105905,Barroso,MG,Minas Gerais,Sudeste,20604
3106002,Bela Vista de Minas,MG,Minas Gerais,Sudeste,10427
3106101,Belmiro Braga,MG,Minas Gerais,Sudeste,3292
3106200,Belo Horizonte,MG,Minas Gerais,Sudeste,2415872
3106309,Belo Oriente,MG,Minas Gerais,Sudeste,24546
3106408,Belo Vale,MG,Minas Gerais,Sudeste,9012
3106507,Berilo,MG,Minas Gerais,Sudeste,9638
3106606,Bertópolis,MG,Minas Gerais,Sudeste,4546
3106655,Berizal,MG,Minas Gerais,Sudeste,4270
3106705,Betim,MG,Minas Gerais,Sudeste,431433
3106804,Bias Fortes,MG,Minas Gerais,Sudeste,3367
3106903,Bicas,MG,Minas Gerais,Sudeste,14358
3107000,Biquinhas,MG,Minas Gerais,Sudeste,2397
3107109,Boa Esperança,MG,Minas Gerais,Sudeste,41443
3107208,Bocaina de Minas,MG,Minas Gerais,Sudeste,5530
3107307,Bocaiúva,MG,Minas Gerais,Sudeste,49797
3107406,Bom Despacho,MG,Minas Gerais,Sudeste,54377
3107505,Bom Jardim de Minas,MG,Minas Gerais,Sudeste,6988
3107604,Bom Jesus da Penha,MG,Minas Gerais,Sudeste,4677
3107703,Bom Jesus do Amparo,MG,Minas Gerais,Sudeste,5786
3107802,Bom Jesus do Galho,MG,Minas Gerais,Sudeste,14719
3107901,Bom Repouso,MG,Minas Gerais,Sudeste,13312
3108008,Bom Sucesso,MG,Minas Gerais,Sudeste,17515
3108107,Bonfim,MG,Minas Gerais,Sudeste,7710
3108206,Bonfinópolis de Minas,MG,Minas Gerais,Sudeste,5600
3108255,Bonito de Minas,MG,Minas Gerais,Sudeste,10525
3108305,Borda da Mata,MG,Minas Gerais,Sudeste,17837
3108404,Botelhos,MG,Minas Gerais,Sudeste,15141
3108503,Botumirim,MG,Minas Gerais,Sudeste,5806
3108552,Brasilândia de Minas,MG,Minas Gerais,Sudeste,15485
3108602,Brasília de Minas,MG,Minas Gerais,Sudeste,33262
3108701,Brás Pires,MG,Minas Gerais,Sudeste,4296
3108800,Braúnas,MG,Minas Gerais,Sudeste,4445
3108909,Brazópolis,MG,Minas Gerais,Sudeste,14491
3109006,Brumadinho,MG,Minas Gerais,Sudeste,41090
3109105,Bueno Brandão,MG,Minas Gerais,Sudeste,11168
3109204,Buenópolis,MG,Minas Gerais,Sudeste,9171
3109253,Bugre,MG,Minas Gerais,Sudeste,4159
3109303,Buritis,MG,Minas Gerais,Sudeste,24779
3109402,Buritizeiro,MG,Minas Gerais,Sudeste,23908
3109451,Cabeceira Grande,MG,Minas Gerais,Sudeste,6811
3109501,Cabo Verde,MG,Minas Gerais,Sudeste,11269
3109600,Cachoeira da Prata,MG,Minas Gerais,Sudeste,3785
3109709,Cachoeira de Minas,MG,Minas Gerais,Sudeste,12302
3109808,Cachoeira Dourada,MG,Minas Gerais,Sudeste,2337
3109907,Caetanópolis,MG,Minas Gerais,Sudeste,11906
3110004,Caeté,MG,Minas Gerais,Sudeste,39775
3110103,Caiana,MG,Minas Gerais,Sudeste,5484
3110202,Cajuri,MG,Minas Gerais,Sudeste,4191
3110301,Caldas,MG,Minas Gerais,Sudeste,14628
3110400,Camacho,MG,Minas Gerais,Sudeste,2851
3110509,Camanducaia,MG,Minas Gerais,Sudeste,27860
3110608,Cambuí,MG,Minas Gerais,Sudeste,31066
3110707,Cambuquira,MG,Minas Gerais,Sudeste,12551
3110806,Campanário,MG,Minas Gerais,Sudeste,2884
3110905,Campanha,MG,Minas Gerais,Sudeste,16372
3111002,Campestre,MG,Minas Gerais,Sudeste,21155
3111101,Campina Verde,MG,Minas Gerais,Sudeste,18188
3111150,Campo Azul,MG,Minas Gerais,Sudeste,3806
3111200,Campo Belo,MG,Minas Gerais,Sudeste,54027
3111309,Campo do Meio,MG,Minas Gerais,Sudeste,11625
3111408,Campo Florido,MG,Minas Gerais,Sudeste,8931
3111507,Campos Altos,MG,Minas Gerais,Sudeste,13076
3111606,Campos Gerais,MG,Minas Gerais,Sudeste,26749
3111705,Canaã,MG,Minas Gerais,Sudeste,4839
3111804,Canápolis,MG,Minas Gerais,Sudeste,10716
3111903,Cana Verde,MG,Minas Gerais,Sudeste,5342
3112000,Candeias,MG,Minas Gerais,Sudeste,14211
3112059,Cantagalo,MG,Minas Gerais,Sudeste,4029
3112109,Caparaó,MG,Minas Gerais,Sudeste,5138
3112208,Capela Nova,MG,Minas Gerais,Sudeste,4397
3112307,Capelinha,MG,Minas Gerais,Sudeste,41858
3112406,Capetinga,MG,Minas Gerais,Sudeste,6627
3112505,Capim Branco,MG,Minas Gerais,Sudeste,11210
3112604,Capinópolis,MG,Minas Gerais,Sudeste,14872
3112653,Capitão Andrade,MG,Minas Gerais,Sudeste,4634
3112703,Capitão Enéas,MG,Minas Gerais,Sudeste,14403
3112802,Capitólio,MG,Minas Gerais,Sudeste,10991
3112901,Caputira,MG,Minas Gerais,Sudeste,9128
3113008,Caraí,MG,Minas Gerais,Sudeste,19511
3113107,Caranaíba,MG,Minas Gerais,Sudeste,2942
3113206,Carandaí,MG,Minas Gerais,Sudeste,24403
3113305,Carangola,MG,Minas Gerais,Sudeste,32134
3113404,Caratinga,MG,Minas Gerais,Sudeste,90890
3113503,Carbonita,MG,Minas Gerais,Sudeste,8603
3113602,Careaçu,MG,Minas Gerais,Sudeste,7062
3113701,Carlos Chagas,MG,Minas Gerais,Sudeste,18783
3113800,Carmésia,MG,Minas Gerais,Sudeste,2693
3113909,Carmo da Cachoeira,MG,Minas Gerais,Sudeste,11767
3114006,Carmo da Mata,MG,Minas Gerais,Sudeste,11291
3114105,Carmo de Minas,MG,Minas Gerais,Sudeste,14125
3114204,Carmo do Cajuru,MG,Minas Gerais,Sudeste,24581
3114303,Carmo do Paranaíba,MG,Minas Gerais,Sudeste,29885
3114402,Carmo do Rio Claro,MG,Minas Gerais,Sudeste,21506
3114501,Carmópolis de Minas,MG,Minas Gerais,Sudeste,18561
3114550,Carneirinho,MG,Minas Gerais,Sudeste,9633
3114600,Carrancas,MG,Minas Gerais,Sudeste,4161
3114709,Carvalhópolis,MG,Minas Gerais,Sudeste,3419
3114808,Carvalhos,MG,Minas Gerais,Sudeste,4503
3114907,Casa Grande,MG,Minas Gerais,Sudeste,2260
3115003,Cascalho Rico,MG,Minas Gerais,Sudeste,2751
3115102,Cássia,MG,Minas Gerais,Sudeste,17491
3115201,Conceição da Barra de Minas,MG,Minas Gerais,Sudeste,3576
3115300,Cataguases,MG,Minas Gerais,Sudeste,67732
3115359,Catas Altas,MG,Minas Gerais,Sudeste,5706
3115409,Catas Altas da Noruega,MG,Minas Gerais,Sudeste,3124
3115458,Catuji,MG,Minas Gerais,Sudeste,7248
3115474,Catuti,MG,Minas Gerais,Sudeste,4788
3115508,Caxambu,MG,Minas Gerais,Sudeste,21412
3115607,Cedro do Abaeté,MG,Minas Gerais,Sudeste,1084
3115706,Central de Minas,MG,Minas Gerais,Sudeste,6213
3115805,Centralina,MG,Minas Gerais,Sudeste,10447
3115904,Chácara,MG,Minas Gerais,Sudeste,3194
3116001,Chalé,MG,Minas Gerais,Sudeste,6289
3116100,Chapada do Norte,MG,Minas Gerais,Sudeste,9763
3116159,Chapada Gaúcha,MG,Minas Gerais,Sudeste,12904
3116209,Chiador,MG,Minas Gerais,Sudeste,2868
3116308,Cipotânea,MG,Minas Gerais,Sudeste,5549
3116407,Claraval,MG,Minas Gerais,Sudeste,4786
3116506,Claro dos Poções,MG,Minas Gerais,Sudeste,7230
3116605,Cláudio,MG,Minas Gerais,Sudeste,31936
3116704,Coimbra,MG,Minas Gerais,Sudeste,7293
3116803,Coluna,MG,Minas Gerais,Sudeste,8206
3116902,Comendador Gomes,MG,Minas Gerais,Sudeste,2804
3117009,Comercinho,MG,Minas Gerais,Sudeste,6540
3117108,Conceição da Aparecida,MG,Minas Gerais,Sudeste,10705
3117207,Conceição das Pedras,MG,Minas Gerais,Sudeste,2840
3117306,Conceição das Alagoas,MG,Minas Gerais,Sudeste,30278
3117405,Conceição de Ipanema,MG,Minas Gerais,Sudeste,4503
3117504,Conceição do Mato Dentro,MG,Minas Gerais,Sudeste,24559
3117603,Conceição do Pará,MG,Minas Gerais,Sudeste,5584
3117702,Conceição do Rio Verde,MG,Minas Gerais,Sudeste,12765
3117801,Conceição dos Ouros,MG,Minas Gerais,Sudeste,11218
3117836,Cônego Marinho,MG,Minas Gerais,Sudeste,7433
3117876,Confins,MG,Minas Gerais,Sudeste,7758
3117900,Congonhal,MG,Minas Gerais,Sudeste,11444
3118007,Congonhas,MG,Minas Gerais,Sudeste,55272
3118106,Congonhas do Norte,MG,Minas Gerais,Sudeste,4924
3118205,Conquista,MG,Minas Gerais,Sudeste,6878
3118304,Conselheiro Lafaiete,MG,Minas Gerais,Sudeste,138946
3118403,Conselheiro Pena,MG,Minas Gerais,Sudeste,21052
3118502,Consolação,MG,Minas Gerais,Sudeste,1569
3118601,Contagem,MG,Minas Gerais,Sudeste,651718
3118700,Coqueiral,MG,Minas Gerais,Sudeste,9188
3118809,Coração de Jesus,MG,Minas Gerais,Sudeste,26138
3118908,Cordisburgo,MG,Minas Gerais,Sudeste,7535
3119005,Cordislândia,MG,Minas Gerais,Sudeste,3236
3119104,Corinto,MG,Minas Gerais,Sudeste,23988
3119203,Coroaci,MG,Minas Gerais,Sudeste,11240
3119302,Coromandel,MG,Minas Gerais,Sudeste,30114
3119401,Coronel Fabriciano,MG,Minas Gerais,Sudeste,108708
3119500,Coronel Murta,MG,Minas Gerais,Sudeste,8237
3119609,Coronel Pacheco,MG,Minas Gerais,Sudeste,2789
3119708,Coronel Xavier Chaves,MG,Minas Gerais,Sudeste,3599
3119807,Córrego Danta,MG,Minas Gerais,Sudeste,2956
3119906,Córrego do Bom Jesus,MG,Minas Gerais,Sudeste,4462
3119955,Córrego Fundo,MG,Minas Gerais,Sudeste,6333
3120003,Córrego Novo,MG,Minas Gerais,Sudeste,2900
3120102,Couto de Magalhães de Minas,MG,Minas Gerais,Sudeste,4351
3120151,Crisólita,MG,Minas Gerais,Sudeste,5256
3120201,Cristais,MG,Minas Gerais,Sudeste,12634
3120300,Cristália,MG,Minas Gerais,Sudeste,5133
3120409,Cristiano Otoni,MG,Minas Gerais,Sudeste,4719
3120508,Cristina,MG,Minas Gerais,Sudeste,10643
3120607,Crucilândia,MG,Minas Gerais,Sudeste,5674
3120706,Cruzeiro da Fortaleza,MG,Minas Gerais,Sudeste,3616
3120805,Cruzília,MG,Minas Gerais,Sudeste,15831
3120839,Cuparaque,MG,Minas Gerais,Sudeste,3958
3120870,Curral de Dentro,MG,Minas Gerais,Sudeste,7662
3120904,Curvelo,MG,Minas Gerais,Sudeste,84297
3121001,Datas,MG,Minas Gerais,Sudeste,5635
3121100,Delfim Moreira,MG,Minas Gerais,Sudeste,8133
3121209,Delfinópolis,MG,Minas Gerais,Sudeste,8851
3121258,Delta,MG,Minas Gerais,Sudeste,11143
3121308,Descoberto,MG,Minas Gerais,Sudeste,5070
3121407,Desterro de Entre Rios,MG,Minas Gerais,Sudeste,7941
3121506,Desterro do Melo,MG,Minas Gerais,Sudeste,3060
3121605,Diamantina,MG,Minas Gerais,Sudeste,49493
3121704,Diogo de Vasconcelos,MG,Minas Gerais,Sudeste,3581
3121803,Dionísio,MG,Minas Gerais,Sudeste,6689
3121902,Divinésia,MG,Minas Gerais,Sudeste,4481
3122009,Divino,MG,Minas Gerais,Sudeste,21428
3122108,Divino das Laranjeiras,MG,Minas Gerais,Sudeste,4147
3122207,Divinolândia de Minas,MG,Minas Gerais,Sudeste,6583
3122306,Divinópolis,MG,Minas Gerais,Sudeste,243583
3122355,Divisa Alegre,MG,Minas Gerais,Sudeste,6541
3122405,Divisa Nova,MG,Minas Gerais,Sudeste,6002
3122454,Divisópolis,MG,Minas Gerais,Sudeste,10659
3122470,Dom Bosco,MG,Minas Gerais,Sudeste,3763
3122504,Dom Cavati,MG,Minas Gerais,Sudeste,4967
3122603,Dom Joaquim,MG,Minas Gerais,Sudeste,5074
3122702,Dom Silvério,MG,Minas Gerais,Sudeste,5355
3122801,Dom Viçoso,MG,Minas Gerais,Sudeste,3184
3122900,Dona Euzébia,MG,Minas Gerais,Sudeste,6250
3123007,Dores de Campos,MG,Minas Gerais,Sudeste,10359
3123106,Dores de Guanhães,MG,Minas Gerais,Sudeste,5114
3123205,Dores do Indaiá,MG,Minas Gerais,Sudeste,12730
3123304,Dores do Turvo,MG,Minas Gerais,Sudeste,5192
3123403,Doresópolis,MG,Minas Gerais,Sudeste,1498
3123502,Douradoquara,MG,Minas Gerais,Sudeste,1869
3123528,Durandé,MG,Minas Gerais,Sudeste,8065
3123601,Elói Mendes,MG,Minas Gerais,Sudeste,27429
3123700,Engenheiro Caldas,MG,Minas Gerais,Sudeste,14501
3123809,Engenheiro Navarro,MG,Minas Gerais,Sudeste,6373
3123858,Entre Folhas,MG,Minas Gerais,Sudeste,5295
3123908,Entre Rios de Minas,MG,Minas Gerais,Sudeste,15157
3124005,Ervália,MG,Minas Gerais,Sudeste,21091
3124104,Esmeraldas,MG,Minas Gerais,Sudeste,93103
3124203,Espera Feliz,MG,Minas Gerais,Sudeste,24844
3124302,Espinosa,MG,Minas Gerais,Sudeste,31375
3124401,Espírito Santo do Dourado,MG,Minas Gerais,Sudeste,7132
3124500,Estiva,MG,Minas Gerais,Sudeste,11880
3124609,Estrela Dalva,MG,Minas Gerais,Sudeste,2189
3124708,Estrela do Indaiá,MG,Minas Gerais,Sudeste,2711
3124807,Estrela do Sul,MG,Minas Gerais,Sudeste,6897
3124906,Eugenópolis,MG,Minas Gerais,Sudeste,11096
3125002,Ewbank da Câmara,MG,Minas Gerais,Sudeste,3986
3125101,Extrema,MG,Minas Gerais,Sudeste,59336
3125200,Fama,MG,Minas Gerais,Sudeste,2676
3125309,Faria Lemos,MG,Minas Gerais,Sudeste,3230
3125408,Felício dos Santos,MG,Minas Gerais,Sudeste,5251
3125507,São Gonçalo do Rio Preto,MG,Minas Gerais,Sudeste,3099
3125606,Felisburgo,MG,Minas Gerais,Sudeste,6575
3125705,Felixlândia,MG,Minas Gerais,Sudeste,14280
3125804,Fernandes Tourinho,MG,Minas Gerais,Sudeste,2814
3125903,Ferros,MG,Minas Gerais,Sudeste,9603
3125952,Fervedouro,MG,Minas Gerais,Sudeste,10705
3126000,Florestal,MG,Minas Gerais,Sudeste,8469
3126109,Formiga,MG,Minas Gerais,Sudeste,70897
3126208,Formoso,MG,Minas Gerais,Sudeste,8095
3126307,Fortaleza de Minas,MG,Minas Gerais,Sudeste,3453
3126406,Fortuna de Minas,MG,Minas Gerais,Sudeste,3230
3126505,Francisco Badaró,MG,Minas Gerais,Sudeste,7053
3126604,Francisco Dumont,MG,Minas Gerais,Sudeste,4547
3126703,Francisco Sá,MG,Minas Gerais,Sudeste,23753
3126752,Franciscópolis,MG,Minas Gerais,Sudeste,5023
3126802,Frei Gaspar,MG,Minas Gerais,Sudeste,5731
3126901,Frei Inocêncio,MG,Minas Gerais,Sudeste,8301
3126950,Frei Lagonegro,MG,Minas Gerais,Sudeste,3481
3127008,Fronteira,MG,Minas Gerais,Sudeste,14946
3127057,Fronteira dos Vales,MG,Minas Gerais,Sudeste,4389
3127073,Fruta de Leite,MG,Minas Gerais,Sudeste,4538
3127107,Frutal,MG,Minas Gerais,Sudeste,61275
3127206,Funilândia,MG,Minas Gerais,Sudeste,4934
3127305,Galiléia,MG,Minas Gerais,Sudeste,6244
3127339,Gameleiras,MG,Minas Gerais,Sudeste,4847
3127354,Glaucilândia,MG,Minas Gerais,Sudeste,2991
3127370,Goiabeira,MG,Minas Gerais,Sudeste,2859
3127388,Goianá,MG,Minas Gerais,Sudeste,4214
3127404,Gonçalves,MG,Minas Gerais,Sudeste,4922
3127503,Gonzaga,MG,Minas Gerais,Sudeste,5235
3127602,Gouveia,MG,Minas Gerais,Sudeste,11536
3127701,Governador Valadares,MG,Minas Gerais,Sudeste,266561
3127800,Grão Mogol,MG,Minas Gerais,Sudeste,14037
3127909,Grupiara,MG,Minas Gerais,Sudeste,1428
3128006,Guanhães,MG,Minas Gerais,Sudeste,33517
3128105,Guapé,MG,Minas Gerais,Sudeste,14076
3128204,Guaraciaba,MG,Minas Gerais,Sudeste,9901
3128253,Guaraciama,MG,Minas Gerais,Sudeste,5224
3128303,Guaranésia,MG,Minas Gerais,Sudeste,19646
3128402,Guarani,MG,Minas Gerais,Sudeste,7731
3128501,Guarará,MG,Minas Gerais,Sudeste,3091
3128600,Guarda-Mor,MG,Minas Gerais,Sudeste,6687
3128709,Guaxupé,MG,Minas Gerais,Sudeste,52744
3128808,Guidoval,MG,Minas Gerais,Sudeste,7285
3128907,Guimarânia,MG,Minas Gerais,Sudeste,8880
3129004,Guiricema,MG,Minas Gerais,Sudeste,7803
3129103,Gurinhatã,MG,Minas Gerais,Sudeste,5154
3129202,Heliodora,MG,Minas Gerais,Sudeste,6278
3129301,Iapu,MG,Minas Gerais,Sudeste,12583
3129400,Ibertioga,MG,Minas Gerais,Sudeste,5346
3129509,Ibiá,MG,Minas Gerais,Sudeste,22554
3129608,Ibiaí,MG,Minas Gerais,Sudeste,6172
3129657,Ibiracatu,MG,Minas Gerais,Sudeste,5113
3129707,Ibiraci,MG,Minas Gerais,Sudeste,10996
3129806,Ibirité,MG,Minas Gerais,Sudeste,179582
3129905,Ibitiúra de Minas,MG,Minas Gerais,Sudeste,3440
3130002,Ibituruna,MG,Minas Gerais,Sudeste,2733
3130051,Icaraí de Minas,MG,Minas Gerais,Sudeste,10914
3130101,Igarapé,MG,Minas Gerais,Sudeste,49120
3130200,Igaratinga,MG,Minas Gerais,Sudeste,11345
3130309,Iguatama,MG,Minas Gerais,Sudeste,6782
3130408,Ijaci,MG,Minas Gerais,Sudeste,7358
3130507,Ilicínea,MG,Minas Gerais,Sudeste,13248
3130556,Imbé de Minas,MG,Minas Gerais,Sudeste,7244
3130606,Inconfidentes,MG,Minas Gerais,Sudeste,7537
3130655,Indaiabira,MG,Minas Gerais,Sudeste,6328
3130705,Indianópolis,MG,Minas Gerais,Sudeste,6311
3130804,Ingaí,MG,Minas Gerais,Sudeste,2632
3130903,Inhapim,MG,Minas Gerais,Sudeste,22925
3131000,Inhaúma,MG,Minas Gerais,Sudeste,6465
3131109,Inimutaba,MG,Minas Gerais,Sudeste,7615
3131158,Ipaba,MG,Minas Gerais,Sudeste,17587
3131208,Ipanema,MG,Minas Gerais,Sudeste,20181
3131307,Ipatinga,MG,Minas Gerais,Sudeste,235311
3131406,Ipiaçu,MG,Minas Gerais,Sudeste,3807
3131505,Ipuiúna,MG,Minas Gerais,Sudeste,9283
3131604,Iraí de Minas,MG,Minas Gerais,Sudeste,7467
3131703,Itabira,MG,Minas Gerais,Sudeste,118053
3131802,Itabirinha,MG,Minas Gerais,Sudeste,10548
3131901,Itabirito,MG,Minas Gerais,Sudeste,56369
3132008,Itacambira,MG,Minas Gerais,Sudeste,4227
3132107,Itacarambi,MG,Minas Gerais,Sudeste,17502
3132206,Itaguara,MG,Minas Gerais,Sudeste,14415
3132305,Itaipé,MG,Minas Gerais,Sudeste,10482
3132404,Itajubá,MG,Minas Gerais,Sudeste,96855
3132503,Itamarandiba,MG,Minas Gerais,Sudeste,34210
3132602,Itamarati de Minas,MG,Minas Gerais,Sudeste,3710
3132701,Itambacuri,MG,Minas Gerais,Sudeste,21210
3132800,Itambé do Mato Dentro,MG,Minas Gerais,Sudeste,2168
3132909,Itamogi,MG,Minas Gerais,Sudeste,11092
3133006,Itamonte,MG,Minas Gerais,Sudeste,15245
3133105,Itanhandu,MG,Minas Gerais,Sudeste,15751
3133204,Itanhomi,MG,Minas Gerais,Sudeste,11264
3133303,Itaobim,MG,Minas Gerais,Sudeste,19263
3133402,Itapagipe,MG,Minas Gerais,Sudeste,14014
3133501,Itapecerica,MG,Minas Gerais,Sudeste,21456
3133600,Itapeva,MG,Minas Gerais,Sudeste,13561
3133709,Itatiaiuçu,MG,Minas Gerais,Sudeste,13779
3133758,Itaú de Minas,MG,Minas Gerais,Sudeste,14634
3133808,Itaúna,MG,Minas Gerais,Sudeste,103272
3133907,Itaverava,MG,Minas Gerais,Sudeste,5747
3134004,Itinga,MG,Minas Gerais,Sudeste,13954
3134103,Itueta,MG,Minas Gerais,Sudeste,6234
3134202,Ituiutaba,MG,Minas Gerais,Sudeste,106775
3134301,Itumirim,MG,Minas Gerais,Sudeste,6876
3134400,Iturama,MG,Minas Gerais,Sudeste,40259
3134509,Itutinga,MG,Minas Gerais,Sudeste,4366
3134608,Jaboticatubas,MG,Minas Gerais,Sudeste,21407
3134707,Jacinto,MG,Minas Gerais,Sudeste,11115
3134806,Jacuí,MG,Minas Gerais,Sudeste,7668
3134905,Jacutinga,MG,Minas Gerais,Sudeste,26888
3135001,Jaguaraçu,MG,Minas Gerais,Sudeste,3181
3135050,Jaíba,MG,Minas Gerais,Sudeste,39639
3135076,Jampruca,MG,Minas Gerais,Sudeste,4266
3135100,Janaúba,MG,Minas Gerais,Sudeste,73555
3135209,Januária,MG,Minas Gerais,Sudeste,67123
3135308,Japaraíba,MG,Minas Gerais,Sudeste,4706
3135357,Japonvar,MG,Minas Gerais,Sudeste,8385
3135407,Jeceaba,MG,Minas Gerais,Sudeste,6476
3135456,Jenipapo de Minas,MG,Minas Gerais,Sudeste,6072
3135506,Jequeri,MG,Minas Gerais,Sudeste,12636
3135605,Jequitaí,MG,Minas Gerais,Sudeste,6379
3135704,Jequitibá,MG,Minas Gerais,Sudeste,6142
3135803,Jequitinhonha,MG,Minas Gerais,Sudeste,24516
3135902,Jesuânia,MG,Minas Gerais,Sudeste,5320
3136009,Joaíma,MG,Minas Gerais,Sudeste,14035
3136108,Joanésia,MG,Minas Gerais,Sudeste,4246
3136207,João Monlevade,MG,Minas Gerais,Sudeste,83791
3136306,João Pinheiro,MG,Minas Gerais,Sudeste,48725
3136405,Joaquim Felício,MG,Minas Gerais,Sudeste,3868
3136504,Jordânia,MG,Minas Gerais,Sudeste,10541
3136520,José Gonçalves de Minas,MG,Minas Gerais,Sudeste,3963
3136553,José Raydan,MG,Minas Gerais,Sudeste,4349
3136579,Josenópolis,MG,Minas Gerais,Sudeste,3557
3136603,Nova União,MG,Minas Gerais,Sudeste,6107
3136652,Juatuba,MG,Minas Gerais,Sudeste,33249
3136702,Juiz de Fora,MG,Minas Gerais,Sudeste,567730
3136801,Juramento,MG,Minas Gerais,Sudeste,3798
3136900,Juruaia,MG,Minas Gerais,Sudeste,11652
3136959,Juvenília,MG,Minas Gerais,Sudeste,5937
3137007,Ladainha,MG,Minas Gerais,Sudeste,14263
3137106,Lagamar,MG,Minas Gerais,Sudeste,6622
3137205,Lagoa da Prata,MG,Minas Gerais,Sudeste,53927
3137304,Lagoa dos Patos,MG,Minas Gerais,Sudeste,3237
3137403,Lagoa Dourada,MG,Minas Gerais,Sudeste,13152
3137502,Lagoa Formosa,MG,Minas Gerais,Sudeste,19614
3137536,Lagoa Grande,MG,Minas Gerais,Sudeste,9235
3137601,Lagoa Santa,MG,Minas Gerais,Sudeste,81299
3137700,Lajinha,MG,Minas Gerais,Sudeste,21502
3137809,Lambari,MG,Minas Gerais,Sudeste,21010
3137908,Lamim,MG,Minas Gerais,Sudeste,3213
3138005,Laranjal,MG,Minas Gerais,Sudeste,6018
3138104,Lassance,MG,Minas Gerais,Sudeste,7398
3138203,Lavras,MG,Minas Gerais,Sudeste,110682
3138302,Leandro Ferreira,MG,Minas Gerais,Sudeste,3272
3138351,Leme do Prado,MG,Minas Gerais,Sudeste,4364
3138401,Leopoldina,MG,Minas Gerais,Sudeste,52739
3138500,Liberdade,MG,Minas Gerais,Sudeste,4744
3138609,Lima Duarte,MG,Minas Gerais,Sudeste,17782
3138625,Limeira do Oeste,MG,Minas Gerais,Sudeste,9191
3138658,Lontra,MG,Minas Gerais,Sudeste,8963
3138674,Luisburgo,MG,Minas Gerais,Sudeste,7239
3138682,Luislândia,MG,Minas Gerais,Sudeste,6323
3138708,Luminárias,MG,Minas Gerais,Sudeste,5744
3138807,Luz,MG,Minas Gerais,Sudeste,18336
3138906,Machacalis,MG,Minas Gerais,Sudeste,6556
3139003,Machado,MG,Minas Gerais,Sudeste,38809
3139102,Madre de Deus de Minas,MG,Minas Gerais,Sudeste,5360
3139201,Malacacheta,MG,Minas Gerais,Sudeste,17691
3139250,Mamonas,MG,Minas Gerais,Sudeste,6082
3139300,Manga,MG,Minas Gerais,Sudeste,19148
3139409,Manhuaçu,MG,Minas Gerais,Sudeste,97328
3139508,Manhumirim,MG,Minas Gerais,Sudeste,20939
3139607,Mantena,MG,Minas Gerais,Sudeste,27350
3139706,Maravilhas,MG,Minas Gerais,Sudeste,7532
3139805,Mar de Espanha,MG,Minas Gerais,Sudeste,13180
3139904,Maria da Fé,MG,Minas Gerais,Sudeste,14567
3140001,Mariana,MG,Minas Gerais,Sudeste,64506
3140100,Marilac,MG,Minas Gerais,Sudeste,4323
3140159,Mário Campos,MG,Minas Gerais,Sudeste,16705
3140209,Maripá de Minas,MG,Minas Gerais,Sudeste,3567
3140308,Marliéria,MG,Minas Gerais,Sudeste,4796
3140407,Marmelópolis,MG,Minas Gerais,Sudeste,3314
3140506,Martinho Campos,MG,Minas Gerais,Sudeste,14546
3140530,Martins Soares,MG,Minas Gerais,Sudeste,8797
3140555,Mata Verde,MG,Minas Gerais,Sudeste,9532
3140605,Materlândia,MG,Minas Gerais,Sudeste,3949
3140704,Mateus Leme,MG,Minas Gerais,Sudeste,40814
3140803,Matias Barbosa,MG,Minas Gerais,Sudeste,14547
3140852,Matias Cardoso,MG,Minas Gerais,Sudeste,8922
3140902,Matipó,MG,Minas Gerais,Sudeste,19115
3141009,Mato Verde,MG,Minas Gerais,Sudeste,12210
3141108,Matozinhos,MG,Minas Gerais,Sudeste,39529
3141207,Matutina,MG,Minas Gerais,Sudeste,3912
3141306,Medeiros,MG,Minas Gerais,Sudeste,4068
3141405,Medina,MG,Minas Gerais,Sudeste,20455
3141504,Mendes Pimentel,MG,Minas Gerais,Sudeste,5614
3141603,Mercês,MG,Minas Gerais,Sudeste,10615
3141702,Mesquita,MG,Minas Gerais,Sudeste,4984
3141801,Minas Novas,MG,Minas Gerais,Sudeste,23843
3141900,Minduri,MG,Minas Gerais,Sudeste,3811
3142007,Mirabela,MG,Minas Gerais,Sudeste,14071
3142106,Miradouro,MG,Minas Gerais,Sudeste,8961
3142205,Miraí,MG,Minas Gerais,Sudeste,13921
3142254,Miravânia,MG,Minas Gerais,Sudeste,3982
3142304,Moeda,MG,Minas Gerais,Sudeste,5314
3142403,Moema,MG,Minas Gerais,Sudeste,7812
3142502,Monjolos,MG,Minas Gerais,Sudeste,2187
3142601,Monsenhor Paulo,MG,Minas Gerais,Sudeste,8565
3142700,Montalvânia,MG,Minas Gerais,Sudeste,14068
3142809,Monte Alegre de Minas,MG,Minas Gerais,Sudeste,20708
3142908,Monte Azul,MG,Minas Gerais,Sudeste,20497
3143005,Monte Belo,MG,Minas Gerais,Sudeste,13347
3143104,Monte Carmelo,MG,Minas Gerais,Sudeste,49500
3143153,Monte Formoso,MG,Minas Gerais,Sudeste,4437
3143203,Monte Santo de Minas,MG,Minas Gerais,Sudeste,21294
3143302,Montes Claros,MG,Minas Gerais,Sudeste,437601
3143401,Monte Sião,MG,Minas Gerais,Sudeste,25107
3143450,Montezuma,MG,Minas Gerais,Sudeste,6951
3143500,Morada Nova de Minas,MG,Minas Gerais,Sudeste,9414
3143609,Morro da Garça,MG,Minas Gerais,Sudeste,2426
3143708,Morro do Pilar,MG,Minas Gerais,Sudeste,3161
3143807,Munhoz,MG,Minas Gerais,Sudeste,7930
3143906,Muriaé,MG,Minas Gerais,Sudeste,108447
3144003,Mutum,MG,Minas Gerais,Sudeste,28749
3144102,Muzambinho,MG,Minas Gerais,Sudeste,22620
3144201,Nacip Raydan,MG,Minas Gerais,Sudeste,2400
3144300,Nanuque,MG,Minas Gerais,Sudeste,35263
3144359,Naque,MG,Minas Gerais,Sudeste,6443
3144375,Natalândia,MG,Minas Gerais,Sudeste,3642
3144409,Natércia,MG,Minas Gerais,Sudeste,4805
3144508,Nazareno,MG,Minas Gerais,Sudeste,8407
3144607,Nepomuceno,MG,Minas Gerais,Sudeste,25757
3144656,Ninheira,MG,Minas Gerais,Sudeste,10965
3144672,Nova Belém,MG,Minas Gerais,Sudeste,3126
3144706,Nova Era,MG,Minas Gerais,Sudeste,17813
3144805,Nova Lima,MG,Minas Gerais,Sudeste,120959
3144904,Nova Módica,MG,Minas Gerais,Sudeste,3726
3145000,Nova Ponte,MG,Minas Gerais,Sudeste,15220
3145059,Nova Porteirinha,MG,Minas Gerais,Sudeste,6746
3145109,Nova Resende,MG,Minas Gerais,Sudeste,16919
3145208,Nova Serrana,MG,Minas Gerais,Sudeste,114791
3145307,Novo Cruzeiro,MG,Minas Gerais,Sudeste,27268
3145356,Novo Oriente de Minas,MG,Minas Gerais,Sudeste,10503
3145372,Novorizonte,MG,Minas Gerais,Sudeste,4612
3145406,Olaria,MG,Minas Gerais,Sudeste,1986
3145455,Olhos-d'Água,MG,Minas Gerais,Sudeste,5530
3145505,Olímpio Noronha,MG,Minas Gerais,Sudeste,2618
3145604,Oliveira,MG,Minas Gerais,Sudeste,40576
3145703,Oliveira Fortes,MG,Minas Gerais,Sudeste,2058
3145802,Onça de Pitangui,MG,Minas Gerais,Sudeste,3024
3145851,Oratórios,MG,Minas Gerais,Sudeste,5102
3145877,Orizânia,MG,Minas Gerais,Sudeste,8828
3145901,Ouro Branco,MG,Minas Gerais,Sudeste,40638
3146008,Ouro Fino,MG,Minas Gerais,Sudeste,33285
3146107,Ouro Preto,MG,Minas Gerais,Sudeste,77914
3146206,Ouro Verde de Minas,MG,Minas Gerais,Sudeste,5847
3146255,Padre Carvalho,MG,Minas Gerais,Sudeste,5045
3146305,Padre Paraíso,MG,Minas Gerais,Sudeste,17463
3146404,Paineiras,MG,Minas Gerais,Sudeste,4253
3146503,Pains,MG,Minas Gerais,Sudeste,8353
3146552,Pai Pedro,MG,Minas Gerais,Sudeste,5616
3146602,Paiva,MG,Minas Gerais,Sudeste,1495
3146701,Palma,MG,Minas Gerais,Sudeste,5699
3146750,Palmópolis,MG,Minas Gerais,Sudeste,6342
3146909,Papagaios,MG,Minas Gerais,Sudeste,14202
3147006,Paracatu,MG,Minas Gerais,Sudeste,99005
3147105,Pará de Minas,MG,Minas Gerais,Sudeste,102844
3147204,Paraguaçu,MG,Minas Gerais,Sudeste,22452
3147303,Paraisópolis,MG,Minas Gerais,Sudeste,21076
3147402,Paraopeba,MG,Minas Gerais,Sudeste,24899
3147501,Passabém,MG,Minas Gerais,Sudeste,1609
3147600,Passa Quatro,MG,Minas Gerais,Sudeste,15847
3147709,Passa Tempo,MG,Minas Gerais,Sudeste,8716
3147808,Passa Vinte,MG,Minas Gerais,Sudeste,2311
3147907,Passos,MG,Minas Gerais,Sudeste,116951
3147956,Patis,MG,Minas Gerais,Sudeste,4825
3148004,Patos de Minas,MG,Minas Gerais,Sudeste,169173
3148103,Patrocínio,MG,Minas Gerais,Sudeste,94357
3148202,Patrocínio do Muriaé,MG,Minas Gerais,Sudeste,5754
3148301,Paula Cândido,MG,Minas Gerais,Sudeste,8757
3148400,Paulistas,MG,Minas Gerais,Sudeste,4402
3148509,Pavão,MG,Minas Gerais,Sudeste,8143
3148608,Peçanha,MG,Minas Gerais,Sudeste,17863
3148707,Pedra Azul,MG,Minas Gerais,Sudeste,25045
3148756,Pedra Bonita,MG,Minas Gerais,Sudeste,7599
3148806,Pedra do Anta,MG,Minas Gerais,Sudeste,3366
3148905,Pedra do Indaiá,MG,Minas Gerais,Sudeste,4247
3149002,Pedra Dourada,MG,Minas Gerais,Sudeste,2916
3149101,Pedralva,MG,Minas Gerais,Sudeste,10891
3149150,Pedras de Maria da Cruz,MG,Minas Gerais,Sudeste,10601
3149200,Pedrinópolis,MG,Minas Gerais,Sudeste,3398
3149309,Pedro Leopoldo,MG,Minas Gerais,Sudeste,65174
3149408,Pedro Teixeira,MG,Minas Gerais,Sudeste,1857
3149507,Pequeri,MG,Minas Gerais,Sudeste,3461
3149606,Pequi,MG,Minas Gerais,Sudeste,4265
3149705,Perdigão,MG,Minas Gerais,Sudeste,13118
3149804,Perdizes,MG,Minas Gerais,Sudeste,17992
3149903,Perdões,MG,Minas Gerais,Sudeste,22075
3149952,Periquito,MG,Minas Gerais,Sudeste,6624
3150000,Pescador,MG,Minas Gerais,Sudeste,3559
3150109,Piau,MG,Minas Gerais,Sudeste,2854
3150158,Piedade de Caratinga,MG,Minas Gerais,Sudeste,8966
3150208,Piedade de Ponte Nova,MG,Minas Gerais,Sudeste,4054
3150307,Piedade do Rio Grande,MG,Minas Gerais,Sudeste,4694
3150406,Piedade dos Gerais,MG,Minas Gerais,Sudeste,5199
3150505,Pimenta,MG,Minas Gerais,Sudeste,8817
3150539,Pingo-d'Água,MG,Minas Gerais,Sudeste,4864
3150570,Pintópolis,MG,Minas Gerais,Sudeste,7228
3150604,Piracema,MG,Minas Gerais,Sudeste,6905
3150703,Pirajuba,MG,Minas Gerais,Sudeste,5814
3150802,Piranga,MG,Minas Gerais,Sudeste,17358
3150901,Piranguçu,MG,Minas Gerais,Sudeste,6320
3151008,Piranguinho,MG,Minas Gerais,Sudeste,9518
3151107,Pirapetinga,MG,Minas Gerais,Sudeste,11454
3151206,Pirapora,MG,Minas Gerais,Sudeste,57713
3151305,Piraúba,MG,Minas Gerais,Sudeste,12006
3151404,Pitangui,MG,Minas Gerais,Sudeste,27834
3151503,Piumhi,MG,Minas Gerais,Sudeste,38007
3151602,Planura,MG,Minas Gerais,Sudeste,11533
3151701,Poço Fundo,MG,Minas Gerais,Sudeste,16824
3151800,Poços de Caldas,MG,Minas Gerais,Sudeste,172339
3151909,Pocrane,MG,Minas Gerais,Sudeste,8438
3152006,Pompéu,MG,Minas Gerais,Sudeste,32441
3152105,Ponte Nova,MG,Minas Gerais,Sudeste,59638
3152131,Ponto Chique,MG,Minas Gerais,Sudeste,3797
3152170,Ponto dos Volantes,MG,Minas Gerais,Sudeste,11059
3152204,Porteirinha,MG,Minas Gerais,Sudeste,38692
3152303,Porto Firme,MG,Minas Gerais,Sudeste,10840
3152402,Poté,MG,Minas Gerais,Sudeste,13649
3152501,Pouso Alegre,MG,Minas Gerais,Sudeste,162133
3152600,Pouso Alto,MG,Minas Gerais,Sudeste,6779
3152709,Prados,MG,Minas Gerais,Sudeste,9369
3152808,Prata,MG,Minas Gerais,Sudeste,29745
3152907,Pratápolis,MG,Minas Gerais,Sudeste,8534
3153004,Pratinha,MG,Minas Gerais,Sudeste,3691
3153103,Presidente Bernardes,MG,Minas Gerais,Sudeste,4847
3153202,Presidente Juscelino,MG,Minas Gerais,Sudeste,3471
3153301,Presidente Kubitschek,MG,Minas Gerais,Sudeste,3162
3153400,Presidente Olegário,MG,Minas Gerais,Sudeste,19192
3153509,Alto Jequitibá,MG,Minas Gerais,Sudeste,8606
3153608,Prudente de Morais,MG,Minas Gerais,Sudeste,12052
3153707,Quartel Geral,MG,Minas Gerais,Sudeste,3232
3153806,Queluzito,MG,Minas Gerais,Sudeste,1796
3153905,Raposos,MG,Minas Gerais,Sudeste,16796
3154002,Raul Soares,MG,Minas Gerais,Sudeste,23874
3154101,Recreio,MG,Minas Gerais,Sudeste,11383
3154150,Reduto,MG,Minas Gerais,Sudeste,8246
3154200,Resende Costa,MG,Minas Gerais,Sudeste,11544
3154309,Resplendor,MG,Minas Gerais,Sudeste,17629
3154408,Ressaquinha,MG,Minas Gerais,Sudeste,4640
3154457,Riachinho,MG,Minas Gerais,Sudeste,6830
3154507,Riacho dos Machados,MG,Minas Gerais,Sudeste,8858
3154606,Ribeirão das Neves,MG,Minas Gerais,Sudeste,346971
3154705,Ribeirão Vermelho,MG,Minas Gerais,Sudeste,4217
3154804,Rio Acima,MG,Minas Gerais,Sudeste,10698
3154903,Rio Casca,MG,Minas Gerais,Sudeste,12851
3155009,Rio Doce,MG,Minas Gerais,Sudeste,2545
3155108,Rio do Prado,MG,Minas Gerais,Sudeste,4649
3155207,Rio Espera,MG,Minas Gerais,Sudeste,5447
3155306,Rio Manso,MG,Minas Gerais,Sudeste,5746
3155405,Rio Novo,MG,Minas Gerais,Sudeste,8683
3155504,Rio Paranaíba,MG,Minas Gerais,Sudeste,15297
3155603,Rio Pardo de Minas,MG,Minas Gerais,Sudeste,29103
3155702,Rio Piracicaba,MG,Minas Gerais,Sudeste,15036
3155801,Rio Pomba,MG,Minas Gerais,Sudeste,17885
3155900,Rio Preto,MG,Minas Gerais,Sudeste,5235
3156007,Rio Vermelho,MG,Minas Gerais,Sudeste,12770
3156106,Ritápolis,MG,Minas Gerais,Sudeste,5122
3156205,Rochedo de Minas,MG,Minas Gerais,Sudeste,2374
3156304,Rodeiro,MG,Minas Gerais,Sudeste,9168
3156403,Romaria,MG,Minas Gerais,Sudeste,3430
3156452,Rosário da Limeira,MG,Minas Gerais,Sudeste,4926
3156502,Rubelita,MG,Minas Gerais,Sudeste,5460
3156601,Rubim,MG,Minas Gerais,Sudeste,10602
3156700,Sabará,MG,Minas Gerais,Sudeste,134576
3156809,Sabinópolis,MG,Minas Gerais,Sudeste,14309
3156908,Sacramento,MG,Minas Gerais,Sudeste,28076
3157005,Salinas,MG,Minas Gerais,Sudeste,41736
3157104,Salto da Divisa,MG,Minas Gerais,Sudeste,6126
3157203,Santa Bárbara,MG,Minas Gerais,Sudeste,31916
3157252,Santa Bárbara do Leste,MG,Minas Gerais,Sudeste,8785
3157278,Santa Bárbara do Monte Verde,MG,Minas Gerais,Sudeste,3218
3157302,Santa Bárbara do Tugúrio,MG,Minas Gerais,Sudeste,4245
3157336,Santa Cruz de Minas,MG,Minas Gerais,Sudeste,8339
3157377,Santa Cruz de Salinas,MG,Minas Gerais,Sudeste,3919
3157401,Santa Cruz do Escalvado,MG,Minas Gerais,Sudeste,4728
3157500,Santa Efigênia de Minas,MG,Minas Gerais,Sudeste,4038
3157609,Santa Fé de Minas,MG,Minas Gerais,Sudeste,3528
3157658,Santa Helena de Minas,MG,Minas Gerais,Sudeste,6056
3157708,Santa Juliana,MG,Minas Gerais,Sudeste,16820
3157807,Santa Luzia,MG,Minas Gerais,Sudeste,230382
3157906,Santa Margarida,MG,Minas Gerais,Sudeste,16989
3158003,Santa Maria de Itabira,MG,Minas Gerais,Sudeste,10718
3158102,Santa Maria do Salto,MG,Minas Gerais,Sudeste,4777
3158201,Santa Maria do Suaçuí,MG,Minas Gerais,Sudeste,12817
3158300,Santana da Vargem,MG,Minas Gerais,Sudeste,6756
3158409,Santana de Cataguases,MG,Minas Gerais,Sudeste,3548
3158508,Santana de Pirapama,MG,Minas Gerais,Sudeste,7030
3158607,Santana do Deserto,MG,Minas Gerais,Sudeste,3815
3158706,Santana do Garambéu,MG,Minas Gerais,Sudeste,2171
3158805,Santana do Jacaré,MG,Minas Gerais,Sudeste,4246
3158904,Santana do Manhuaçu,MG,Minas Gerais,Sudeste,9264
3158953,Santana do Paraíso,MG,Minas Gerais,Sudeste,49025
3159001,Santana do Riacho,MG,Minas Gerais,Sudeste,5654
3159100,Santana dos Montes,MG,Minas Gerais,Sudeste,3490
3159209,Santa Rita de Caldas,MG,Minas Gerais,Sudeste,8561
3159308,Santa Rita de Jacutinga,MG,Minas Gerais,Sudeste,4826
3159357,Santa Rita de Minas,MG,Minas Gerais,Sudeste,6969
3159407,Santa Rita de Ibitipoca,MG,Minas Gerais,Sudeste,3331
3159506,Santa Rita do Itueto,MG,Minas Gerais,Sudeste,5984
3159605,Santa Rita do Sapucaí,MG,Minas Gerais,Sudeste,42517
3159704,Santa Rosa da Serra,MG,Minas Gerais,Sudeste,3487
3159803,Santa Vitória,MG,Minas Gerais,Sudeste,21914
3159902,Santo Antônio do Amparo,MG,Minas Gerais,Sudeste,17657
3160009,Santo Antônio do Aventureiro,MG,Minas Gerais,Sudeste,3896
3160108,Santo Antônio do Grama,MG,Minas Gerais,Sudeste,4352
3160207,Santo Antônio do Itambé,MG,Minas Gerais,Sudeste,3969
3160306,Santo Antônio do Jacinto,MG,Minas Gerais,Sudeste,10324
3160405,Santo Antônio do Monte,MG,Minas Gerais,Sudeste,28456
3160454,Santo Antônio do Retiro,MG,Minas Gerais,Sudeste,6729
3160504,Santo Antônio do Rio Abaixo,MG,Minas Gerais,Sudeste,1856
3160603,Santo Hipólito,MG,Minas Gerais,Sudeste,2692
3160702,Santos Dumont,MG,Minas Gerais,Sudeste,43218
3160801,São Bento Abade,MG,Minas Gerais,Sudeste,4846
3160900,São Brás do Suaçuí,MG,Minas Gerais,Sudeste,4161
3160959,São Domingos das Dores,MG,Minas Gerais,Sudeste,5793
3161007,São Domingos do Prata,MG,Minas Gerais,Sudeste,17783
3161056,São Félix de Minas,MG,Minas Gerais,Sudeste,3244
3161106,São Francisco,MG,Minas Gerais,Sudeste,54223
3161205,São Francisco de Paula,MG,Minas Gerais,Sudeste,6281
3161304,São Francisco de Sales,MG,Minas Gerais,Sudeste,5858
3161403,São Francisco do Glória,MG,Minas Gerais,Sudeste,4848
3161502,São Geraldo,MG,Minas Gerais,Sudeste,10524
3161601,São Geraldo da Piedade,MG,Minas Gerais,Sudeste,3200
3161650,São Geraldo do Baixio,MG,Minas Gerais,Sudeste,3158
3161700,São Gonçalo do Abaeté,MG,Minas Gerais,Sudeste,7515
3161809,São Gonçalo do Pará,MG,Minas Gerais,Sudeste,12275
3161908,São Gonçalo do Rio Abaixo,MG,Minas Gerais,Sudeste,12475
3162005,São Gonçalo do Sapucaí,MG,Minas Gerais,Sudeste,24497
3162104,São Gotardo,MG,Minas Gerais,Sudeste,43851
3162203,São João Batista do Glória,MG,Minas Gerais,Sudeste,7959
3162252,São João da Lagoa,MG,Minas Gerais,Sudeste,4962
3162302,São João da Mata,MG,Minas Gerais,Sudeste,3012
3162401,São João da Ponte,MG,Minas Gerais,Sudeste,24197
3162450,São João das Missões,MG,Minas Gerais,Sudeste,13547
3162500,São João del Rei,MG,Minas Gerais,Sudeste,94468
3162559,São João do Manhuaçu,MG,Minas Gerais,Sudeste,11676
3162575,São João do Manteninha,MG,Minas Gerais,Sudeste,5479
3162609,São João do Oriente,MG,Minas Gerais,Sudeste,7099
3162658,São João do Pacuí,MG,Minas Gerais,Sudeste,4050
3162708,São João do Paraíso,MG,Minas Gerais,Sudeste,24706
3162807,São João Evangelista,MG,Minas Gerais,Sudeste,15613
3162906,São João Nepomuceno,MG,Minas Gerais,Sudeste,26529
3162922,São Joaquim de Bicas,MG,Minas Gerais,Sudeste,37017
3162948,São José da Barra,MG,Minas Gerais,Sudeste,8145
3162955,São José da Lapa,MG,Minas Gerais,Sudeste,28087
3163003,São José da Safira,MG,Minas Gerais,Sudeste,3849
3163102,São José da Varginha,MG,Minas Gerais,Sudeste,4698
3163201,São José do Alegre,MG,Minas Gerais,Sudeste,4252
3163300,São José do Divino,MG,Minas Gerais,Sudeste,3482
3163409,São José do Goiabal,MG,Minas Gerais,Sudeste,5482
3163508,São José do Jacuri,MG,Minas Gerais,Sudeste,6282
3163607,São José do Mantimento,MG,Minas Gerais,Sudeste,2844
3163706,São Lourenço,MG,Minas Gerais,Sudeste,46868
3163805,São Miguel do Anta,MG,Minas Gerais,Sudeste,6410
3163904,São Pedro da União,MG,Minas Gerais,Sudeste,4973
3164001,São Pedro dos Ferros,MG,Minas Gerais,Sudeste,7132
3164100,São Pedro do Suaçuí,MG,Minas Gerais,Sudeste,5143
3164209,São Romão,MG,Minas Gerais,Sudeste,10562
3164308,São Roque de Minas,MG,Minas Gerais,Sudeste,7370
3164407,São Sebastião da Bela Vista,MG,Minas Gerais,Sudeste,6778
3164431,São Sebastião da Vargem Alegre,MG,Minas Gerais,Sudeste,3239
3164472,São Sebastião do Anta,MG,Minas Gerais,Sudeste,6415
3164506,São Sebastião do Maranhão,MG,Minas Gerais,Sudeste,10218
3164605,São Sebastião do Oeste,MG,Minas Gerais,Sudeste,9527
3164704,São Sebastião do Paraíso,MG,Minas Gerais,Sudeste,75179
3164803,São Sebastião do Rio Preto,MG,Minas Gerais,Sudeste,1229
3164902,São Sebastião do Rio Verde,MG,Minas Gerais,Sudeste,2385
3165008,São Tiago,MG,Minas Gerais,Sudeste,11559
3165107,São Tomás de Aquino,MG,Minas Gerais,Sudeste,6837
3165206,São Tomé das Letras,MG,Minas Gerais,Sudeste,7107
3165305,São Vicente de Minas,MG,Minas Gerais,Sudeste,6928
3165404,Sapucaí-Mirim,MG,Minas Gerais,Sudeste,6469
3165503,Sardoá,MG,Minas Gerais,Sudeste,5140
3165537,Sarzedo,MG,Minas Gerais,Sudeste,39974
3165552,Setubinha,MG,Minas Gerais,Sudeste,9985
3165560,Sem-Peixe,MG,Minas Gerais,Sudeste,2420
3165578,Senador Amaral,MG,Minas Gerais,Sudeste,6517
3165602,Senador Cortes,MG,Minas Gerais,Sudeste,2335
3165701,Senador Firmino,MG,Minas Gerais,Sudeste,7977
3165800,Senador José Bento,MG,Minas Gerais,Sudeste,2149
3165909,Senador Modestino Gonçalves,MG,Minas Gerais,Sudeste,4006
3166006,Senhora de Oliveira,MG,Minas Gerais,Sudeste,5577
3166105,Senhora do Porto,MG,Minas Gerais,Sudeste,3066
3166204,Senhora dos Remédios,MG,Minas Gerais,Sudeste,10657
3166303,Sericita,MG,Minas Gerais,Sudeste,7552
3166402,Seritinga,MG,Minas Gerais,Sudeste,1866
3166501,Serra Azul de Minas,MG,Minas Gerais,Sudeste,3808
3166600,Serra da Saudade,MG,Minas Gerais,Sudeste,856
3166709,Serra dos Aimorés,MG,Minas Gerais,Sudeste,6859
3166808,Serra do Salitre,MG,Minas Gerais,Sudeste,12286
3166907,Serrania,MG,Minas Gerais,Sudeste,7811
3166956,Serranópolis de Minas,MG,Minas Gerais,Sudeste,4497
3167004,Serranos,MG,Minas Gerais,Sudeste,2036
3167103,Serro,MG,Minas Gerais,Sudeste,22624
3167202,Sete Lagoas,MG,Minas Gerais,Sudeste,238909
3167301,Silveirânia,MG,Minas Gerais,Sudeste,2399
3167400,Silvianópolis,MG,Minas Gerais,Sudeste,6348
3167509,Simão Pereira,MG,Minas Gerais,Sudeste,3084
3167608,Simonésia,MG,Minas Gerais,Sudeste,20431
3167707,Sobrália,MG,Minas Gerais,Sudeste,5140
3167806,Soledade de Minas,MG,Minas Gerais,Sudeste,5733
3167905,Tabuleiro,MG,Minas Gerais,Sudeste,4097
3168002,Taiobeiras,MG,Minas Gerais,Sudeste,34537
3168051,Taparuba,MG,Minas Gerais,Sudeste,3508
3168101,Tapira,MG,Minas Gerais,Sudeste,4215
3168200,Tapiraí,MG,Minas Gerais,Sudeste,1698
3168309,Taquaraçu de Minas,MG,Minas Gerais,Sudeste,4394
3168408,Tarumirim,MG,Minas Gerais,Sudeste,15104
3168507,Teixeiras,MG,Minas Gerais,Sudeste,12691
3168606,Teófilo Otoni,MG,Minas Gerais,Sudeste,142851
3168705,Timóteo,MG,Minas Gerais,Sudeste,84172
3168804,Tiradentes,MG,Minas Gerais,Sudeste,8056
3168903,Tiros,MG,Minas Gerais,Sudeste,8231
3169000,Tocantins,MG,Minas Gerais,Sudeste,16603
3169059,Tocos do Moji,MG,Minas Gerais,Sudeste,3894
3169109,Toledo,MG,Minas Gerais,Sudeste,7625
3169208,Tombos,MG,Minas Gerais,Sudeste,8653
3169307,Três Corações,MG,Minas Gerais,Sudeste,78291
3169356,Três Marias,MG,Minas Gerais,Sudeste,29985
3169406,Três Pontas,MG,Minas Gerais,Sudeste,57209
3169505,Tumiritinga,MG,Minas Gerais,Sudeste,5955
3169604,Tupaciguara,MG,Minas Gerais,Sudeste,26583
3169703,Turmalina,MG,Minas Gerais,Sudeste,20769
3169802,Turvolândia,MG,Minas Gerais,Sudeste,5097
3169901,Ubá,MG,Minas Gerais,Sudeste,107423
3170008,Ubaí,MG,Minas Gerais,Sudeste,11985
3170057,Ubaporanga,MG,Minas Gerais,Sudeste,13485
3170107,Uberaba,MG,Minas Gerais,Sudeste,356781
3170206,Uberlândia,MG,Minas Gerais,Sudeste,761835
3170305,Umburatiba,MG,Minas Gerais,Sudeste,2742
3170404,Unaí,MG,Minas Gerais,Sudeste,91320
3170438,União de Minas,MG,Minas Gerais,Sudeste,3818
3170479,Uruana de Minas,MG,Minas Gerais,Sudeste,3365
3170503,Urucânia,MG,Minas Gerais,Sudeste,10899
3170529,Urucuia,MG,Minas Gerais,Sudeste,18515
3170578,Vargem Alegre,MG,Minas Gerais,Sudeste,5800
3170602,Vargem Bonita,MG,Minas Gerais,Sudeste,2207
3170651,Vargem Grande do Rio Pardo,MG,Minas Gerais,Sudeste,4724
3170701,Varginha,MG,Minas Gerais,Sudeste,143676
3170750,Varjão de Minas,MG,Minas Gerais,Sudeste,7305
3170800,Várzea da Palma,MG,Minas Gerais,Sudeste,34555
3170909,Varzelândia,MG,Minas Gerais,Sudeste,19210
3171006,Vazante,MG,Minas Gerais,Sudeste,20459
3171030,Verdelândia,MG,Minas Gerais,Sudeste,7737
3171071,Veredinha,MG,Minas Gerais,Sudeste,5240
3171105,Veríssimo,MG,Minas Gerais,Sudeste,3478
3171154,Vermelho Novo,MG,Minas Gerais,Sudeste,5048
3171204,Vespasiano,MG,Minas Gerais,Sudeste,138583
3171303,Viçosa,MG,Minas Gerais,Sudeste,79517
3171402,Vieiras,MG,Minas Gerais,Sudeste,3781
3171501,Mathias Lobato,MG,Minas Gerais,Sudeste,3053
3171600,Virgem da Lapa,MG,Minas Gerais,Sudeste,11774
3171709,Virgínia,MG,Minas Gerais,Sudeste,9164
3171808,Virginópolis,MG,Minas Gerais,Sudeste,10511
3171907,Virgolândia,MG,Minas Gerais,Sudeste,4471
3172004,Visconde do Rio Branco,MG,Minas Gerais,Sudeste,40711
3172103,Volta Grande,MG,Minas Gerais,Sudeste,4441
3172202,Wenceslau Braz,MG,Minas Gerais,Sudeste,2377
3200102,Afonso Cláudio,ES,Espírito Santo,Sudeste,32456
3200136,Águia Branca,ES,Espírito Santo,Sudeste,10143
3200169,Água Doce do Norte,ES,Espírito Santo,Sudeste,12585
3200201,Alegre,ES,Espírito Santo,Sudeste,30702
3200300,Alfredo Chaves,ES,Espírito Santo,Sudeste,14376
3200359,Alto Rio Novo,ES,Espírito Santo,Sudeste,7760
3200409,Anchieta,ES,Espírito Santo,Sudeste,33017
3200508,Apiacá,ES,Espírito Santo,Sudeste,7462
3200607,Aracruz,ES,Espírito Santo,Sudeste,103363
3200706,Atílio Vivácqua,ES,Espírito Santo,Sudeste,11046
3200805,Baixo Guandu,ES,Espírito Santo,Sudeste,32829
3200904,Barra de São Francisco,ES,Espírito Santo,Sudeste,45415
3201001,Boa Esperança,ES,Espírito Santo,Sudeste,14054
3201100,Bom Jesus do Norte,ES,Espírito Santo,Sudeste,10820
3201159,Brejetuba,ES,Espírito Santo,Sudeste,13718
3201209,Cachoeiro de Itapemirim,ES,Espírito Santo,Sudeste,198342
3201308,Cariacica,ES,Espírito Santo,Sudeste,376200
3201407,Castelo,ES,Espírito Santo,Sudeste,39575
3201506,Colatina,ES,Espírito Santo,Sudeste,129301
3201605,Conceição da Barra,ES,Espírito Santo,Sudeste,28923
3201704,Conceição do Castelo,ES,Espírito Santo,Sudeste,12472
3201803,Divino de São Lourenço,ES,Espírito Santo,Sudeste,5397
3201902,Domingos Martins,ES,Espírito Santo,Sudeste,38236
3202009,Dores do Rio Preto,ES,Espírito Santo,Sudeste,6902
3202108,Ecoporanga,ES,Espírito Santo,Sudeste,22611
3202207,Fundão,ES,Espírito Santo,Sudeste,18898
3202256,Governador Lindenberg,ES,Espírito Santo,Sudeste,11484
3202306,Guaçuí,ES,Espírito Santo,Sudeste,31418
3202405,Guarapari,ES,Espírito Santo,Sudeste,136311
3202454,Ibatiba,ES,Espírito Santo,Sudeste,27543
3202504,Ibiraçu,ES,Espírito Santo,Sudeste,12304
3202553,Ibitirama,ES,Espírito Santo,Sudeste,10015
3202603,Iconha,ES,Espírito Santo,Sudeste,12790
3202652,Irupi,ES,Espírito Santo,Sudeste,14647
3202702,Itaguaçu,ES,Espírito Santo,Sudeste,14042
3202801,Itapemirim,ES,Espírito Santo,Sudeste,44020
3202900,Itarana,ES,Espírito Santo,Sudeste,10975
3203007,Iúna,ES,Espírito Santo,Sudeste,30556
3203056,Jaguaré,ES,Espírito Santo,Sudeste,31551
3203106,Jerônimo Monteiro,ES,Espírito Santo,Sudeste,12108
3203130,João Neiva,ES,Espírito Santo,Sudeste,14295
3203163,Laranja da Terra,ES,Espírito Santo,Sudeste,11597
3203205,Linhares,ES,Espírito Santo,Sudeste,183797
3203304,Mantenópolis,ES,Espírito Santo,Sudeste,13131
3203320,Marataízes,ES,Espírito Santo,Sudeste,45953
3203346,Marechal Floriano,ES,Espírito Santo,Sudeste,18964
3203353,Marilândia,ES,Espírito Santo,Sudeste,13087
3203403,Mimoso do Sul,ES,Espírito Santo,Sudeste,25088
3203502,Montanha,ES,Espírito Santo,Sudeste,19830
3203601,Mucurici,ES,Espírito Santo,Sudeste,5653
3203700,Muniz Freire,ES,Espírito Santo,Sudeste,18809
3203809,Muqui,ES,Espírito Santo,Sudeste,14185
3203908,Nova Venécia,ES,Espírito Santo,Sudeste,52324
3204005,Pancas,ES,Espírito Santo,Sudeste,19120
3204054,Pedro Canário,ES,Espírito Santo,Sudeste,21923
3204104,Pinheiros,ES,Espírito Santo,Sudeste,24843
3204203,Piúma,ES,Espírito Santo,Sudeste,23912
3204252,Ponto Belo,ES,Espírito Santo,Sudeste,6671
3204302,Presidente Kennedy,ES,Espírito Santo,Sudeste,14852
3204351,Rio Bananal,ES,Espírito Santo,Sudeste,20350
3204401,Rio Novo do Sul,ES,Espírito Santo,Sudeste,11471
3204500,Santa Leopoldina,ES,Espírito Santo,Sudeste,13813
3204559,Santa Maria de Jetibá,ES,Espírito Santo,Sudeste,45575
3204609,Santa Teresa,ES,Espírito Santo,Sudeste,23872
3204658,São Domingos do Norte,ES,Espírito Santo,Sudeste,9051
3204708,São Gabriel da Palha,ES,Espírito Santo,Sudeste,34272
3204807,São José do Calçado,ES,Espírito Santo,Sudeste,11411
3204906,São Mateus,ES,Espírito Santo,Sudeste,134423
3204955,São Roque do Canaã,ES,Espírito Santo,Sudeste,11256
3205002,Serra,ES,Espírito Santo,Sudeste,579720
3205010,Sooretama,ES,Espírito Santo,Sudeste,28668
3205036,Vargem Alta,ES,Espírito Santo,Sudeste,20390
3205069,Venda Nova do Imigrante,ES,Espírito Santo,Sudeste,25395
3205101,Viana,ES,Espírito Santo,Sudeste,79043
3205150,Vila Pavão,ES,Espírito Santo,Sudeste,9319
3205176,Vila Valério,ES,Espírito Santo,Sudeste,14267
3205200,Vila Velha,ES,Espírito Santo,Sudeste,506779
3205309,Vitória,ES,Espírito Santo,Sudeste,343378
3300100,Angra dos Reis,RJ,Rio de Janeiro,Sudeste,179142
3300159,Aperibé,RJ,Rio de Janeiro,Sudeste,11426
3300209,Araruama,RJ,Rio de Janeiro,Sudeste,137906
3300225,Areal,RJ,Rio de Janeiro,Sudeste,12239
3300233,Armação dos Búzios,RJ,Rio de Janeiro,Sudeste,42527
3300258,Arraial do Cabo,RJ,Rio de Janeiro,Sudeste,32822
3300308,Barra do Piraí,RJ,Rio de Janeiro,Sudeste,98506
3300407,Barra Mansa,RJ,Rio de Janeiro,Sudeste,181679
3300456,Belford Roxo,RJ,Rio de Janeiro,Sudeste,518384
3300506,Bom Jardim,RJ,Rio de Janeiro,Sudeste,29758
3300605,Bom Jesus do Itabapoana,RJ,Rio de Janeiro,Sudeste,37176
3300704,Cabo Frio,RJ,Rio de Janeiro,Sudeste,238438
3300803,Cachoeiras de Macacu,RJ,Rio de Janeiro,Sudeste,59861
3300902,Cambuci,RJ,Rio de Janeiro,Sudeste,15069
3300936,Carapebus,RJ,Rio de Janeiro,Sudeste,14329
3300951,Comendador Levy Gasparian,RJ,Rio de Janeiro,Sudeste,9048
3301009,Campos dos Goytacazes,RJ,Rio de Janeiro,Sudeste,519259
3301108,Cantagalo,RJ,Rio de Janeiro,Sudeste,19995
3301157,Cardoso Moreira,RJ,Rio de Janeiro,Sudeste,13407
3301207,Carmo,RJ,Rio de Janeiro,Sudeste,17741
3301306,Casimiro de Abreu,RJ,Rio de Janeiro,Sudeste,48636
3301405,Conceição de Macabu,RJ,Rio de Janeiro,Sudeste,21770
3301504,Cordeiro,RJ,Rio de Janeiro,Sudeste,21448
3301603,Duas Barras,RJ,Rio de Janeiro,Sudeste,11355
3301702,Duque de Caxias,RJ,Rio de Janeiro,Sudeste,866225
3301801,Engenheiro Paulo de Frontin,RJ,Rio de Janeiro,Sudeste,12644
3301850,Guapimirim,RJ,Rio de Janeiro,Sudeste,54311
3301876,Iguaba Grande,RJ,Rio de Janeiro,Sudeste,29616
3301900,Itaboraí,RJ,Rio de Janeiro,Sudeste,240127
3302007,Itaguaí,RJ,Rio de Janeiro,Sudeste,124021
3302056,Italva,RJ,Rio de Janeiro,Sudeste,14518
3302106,Itaocara,RJ,Rio de Janeiro,Sudeste,23645
3302205,Itaperuna,RJ,Rio de Janeiro,Sudeste,107297
3302254,Itatiaia,RJ,Rio de Janeiro,Sudeste,32713
3302270,Japeri,RJ,Rio de Janeiro,Sudeste,102171
3302304,Laje do Muriaé,RJ,Rio de Janeiro,Sudeste,7584
3302403,Macaé,RJ,Rio de Janeiro,Sudeste,264439
3302452,Macuco,RJ,Rio de Janeiro,Sudeste,5602
3302502,Magé,RJ,Rio de Janeiro,Sudeste,244142
3302601,Mangaratiba,RJ,Rio de Janeiro,Sudeste,43660
3302700,Maricá,RJ,Rio de Janeiro,Sudeste,212470
3302809,Mendes,RJ,Rio de Janeiro,Sudeste,18048
3302858,Mesquita,RJ,Rio de Janeiro,Sudeste,178830
3302908,Miguel Pereira,RJ,Rio de Janeiro,Sudeste,28142
3303005,Miracema,RJ,Rio de Janeiro,Sudeste,28416
3303104,Natividade,RJ,Rio de Janeiro,Sudeste,15551
3303203,Nilópolis,RJ,Rio de Janeiro,Sudeste,155500
3303302,Niterói,RJ,Rio de Janeiro,Sudeste,516787
3303401,Nova Friburgo,RJ,Rio de Janeiro,Sudeste,203417
3303500,Nova Iguaçu,RJ,Rio de Janeiro,Sudeste,843220
3303609,Paracambi,RJ,Rio de Janeiro,Sudeste,43627
3303708,Paraíba do Sul,RJ,Rio de Janeiro,Sudeste,44479
3303807,Paraty,RJ,Rio de Janeiro,Sudeste,47668
3303856,Paty do Alferes,RJ,Rio de Janeiro,Sudeste,31370
3303906,Petrópolis,RJ,Rio de Janeiro,Sudeste,294926
3303955,Pinheiral,RJ,Rio de Janeiro,Sudeste,25096
3304003,Piraí,RJ,Rio de Janeiro,Sudeste,29066
3304102,Porciúncula,RJ,Rio de Janeiro,Sudeste,17832
3304110,Porto Real,RJ,Rio de Janeiro,Sudeste,21089
3304128,Quatis,RJ,Rio de Janeiro,Sudeste,14165
3304144,Queimados,RJ,Rio de Janeiro,Sudeste,149135
3304151,Quissamã,RJ,Rio de Janeiro,Sudeste,23142
3304201,Resende,RJ,Rio de Janeiro,Sudeste,137697
3304300,Rio Bonito,RJ,Rio de Janeiro,Sudeste,59126
3304409,Rio Claro,RJ,Rio de Janeiro,Sudeste,17951
3304508,Rio das Flores,RJ,Rio de Janeiro,Sudeste,9267
3304524,Rio das Ostras,RJ,Rio de Janeiro,Sudeste,168455
3304557,Rio de Janeiro,RJ,Rio de Janeiro,Sudeste,6730729
3304607,Santa Maria Madalena,RJ,Rio de Janeiro,Sudeste,10580
3304706,Santo Antônio de Pádua,RJ,Rio de Janeiro,Sudeste,43697
3304755,São Francisco de Itabapoana,RJ,Rio de Janeiro,Sudeste,47397
3304805,São Fidélis,RJ,Rio de Janeiro,Sudeste,41212
3304904,São Gonçalo,RJ,Rio de Janeiro,Sudeste,960196
3305000,São João da Barra,RJ,Rio de Janeiro,Sudeste,38740
3305109,São João de Meriti,RJ,Rio de Janeiro,Sudeste,466503
3305133,São José de Ubá,RJ,Rio de Janeiro,Sudeste,7318
3305158,São José do Vale do Rio Preto,RJ,Rio de Janeiro,Sudeste,22813
3305208,São Pedro da Aldeia,RJ,Rio de Janeiro,Sudeste,110677
3305307,São Sebastião do Alto,RJ,Rio de Janeiro,Sudeste,7993
3305406,Sapucaia,RJ,Rio de Janeiro,Sudeste,18291
3305505,Saquarema,RJ,Rio de Janeiro,Sudeste,95315
3305554,Seropédica,RJ,Rio de Janeiro,Sudeste,84794
3305604,Silva Jardim,RJ,Rio de Janeiro,Sudeste,22028
3305703,Sumidouro,RJ,Rio de Janeiro,Sudeste,15693
3305752,Tanguá,RJ,Rio de Janeiro,Sudeste,32865
3305802,Teresópolis,RJ,Rio de Janeiro,Sudeste,176735
3305901,Trajano de Moraes,RJ,Rio de Janeiro,Sudeste,10654
3306008,Três Rios,RJ,Rio de Janeiro,Sudeste,82319
3306107,Valença,RJ,Rio de Janeiro,Sudeste,71449
3306156,Varre-Sai,RJ,Rio de Janeiro,Sudeste,10563
3306206,Vassouras,RJ,Rio de Janeiro,Sudeste,35907
3306305,Volta Redonda,RJ,Rio de Janeiro,Sudeste,279971
3500105,Adamantina,SP,São Paulo,Sudeste,35673
3500204,Adolfo,SP,São Paulo,Sudeste,4505
3500303,Aguaí,SP,São Paulo,Sudeste,32886
3500402,Águas da Prata,SP,São Paulo,Sudeste,7463
3500501,Águas de Lindóia,SP,São Paulo,Sudeste,18257
3500550,Águas de Santa Bárbara,SP,São Paulo,Sudeste,7460
3500600,Águas de São Pedro,SP,São Paulo,Sudeste,2928
3500709,Agudos,SP,São Paulo,Sudeste,38988
3500758,Alambari,SP,São Paulo,Sudeste,6373
3500808,Alfredo Marcondes,SP,São Paulo,Sudeste,4574
3500907,Altair,SP,São Paulo,Sudeste,3467
3501004,Altinópolis,SP,São Paulo,Sudeste,17197
3501103,Alto Alegre,SP,São Paulo,Sudeste,3874
3501152,Alumínio,SP,São Paulo,Sudeste,17607
3501202,Álvares Florence,SP,São Paulo,Sudeste,3979
3501301,Álvares Machado,SP,São Paulo,Sudeste,28386
3501400,Álvaro de Carvalho,SP,São Paulo,Sudeste,4901
3501509,Alvinlândia,SP,São Paulo,Sudeste,2919
3501608,Americana,SP,São Paulo,Sudeste,247571
3501707,Américo Brasiliense,SP,São Paulo,Sudeste,33708
3501806,Américo de Campos,SP,São Paulo,Sudeste,5981
3501905,Amparo,SP,São Paulo,Sudeste,69792
3502002,Analândia,SP,São Paulo,Sudeste,4694
3502101,Andradina,SP,São Paulo,Sudeste,61625
3502200,Angatuba,SP,São Paulo,Sudeste,24573
3502309,Anhembi,SP,São Paulo,Sudeste,5766
3502408,Anhumas,SP,São Paulo,Sudeste,4118
3502507,Aparecida,SP,São Paulo,Sudeste,33141
3502606,Aparecida d'Oeste,SP,São Paulo,Sudeste,4112
3502705,Apiaí,SP,São Paulo,Sudeste,24857
3502754,Araçariguama,SP,São Paulo,Sudeste,22314
3502804,Araçatuba,SP,São Paulo,Sudeste,208415
3502903,Araçoiaba da Serra,SP,São Paulo,Sudeste,33832
3503000,Aramina,SP,São Paulo,Sudeste,5535
3503109,Arandu,SP,São Paulo,Sudeste,7076
3503158,Arapeí,SP,São Paulo,Sudeste,2355
3503208,Araraquara,SP,São Paulo,Sudeste,253474
3503307,Araras,SP,São Paulo,Sudeste,135744
3503356,Arco-Íris,SP,São Paulo,Sudeste,2089
3503406,Arealva,SP,São Paulo,Sudeste,8290
3503505,Areias,SP,São Paulo,Sudeste,3617
3503604,Areiópolis,SP,São Paulo,Sudeste,10242
3503703,Ariranha,SP,São Paulo,Sudeste,7621
3503802,Artur Nogueira,SP,São Paulo,Sudeste,53467
3503901,Arujá,SP,São Paulo,Sudeste,90273
3503950,Aspásia,SP,São Paulo,Sudeste,1875
3504008,Assis,SP,São Paulo,Sudeste,104858
3504107,Atibaia,SP,São Paulo,Sudeste,167161
3504206,Auriflama,SP,São Paulo,Sudeste,13856
3504305,Avaí,SP,São Paulo,Sudeste,4503
3504404,Avanhandava,SP,São Paulo,Sudeste,11436
3504503,Avaré,SP,São Paulo,Sudeste,96450
3504602,Bady Bassitt,SP,São Paulo,Sudeste,29346
3504701,Balbinos,SP,São Paulo,Sudeste,3969
3504800,Bálsamo,SP,São Paulo,Sudeste,9902
3504909,Bananal,SP,São Paulo,Sudeste,10097
3505005,Barão de Antonina,SP,São Paulo,Sudeste,3632
3505104,Barbosa,SP,São Paulo,Sudeste,5627
3505203,Bariri,SP,São Paulo,Sudeste,32406
3505302,Barra Bonita,SP,São Paulo,Sudeste,35129
3505351,Barra do Chapéu,SP,São Paulo,Sudeste,5254
3505401,Barra do Turvo,SP,São Paulo,Sudeste,6894
3505500,Barretos,SP,São Paulo,Sudeste,126957
3505609,Barrinha,SP,São Paulo,Sudeste,33304
3505708,Barueri,SP,São Paulo,Sudeste,333737
3505807,Bastos,SP,São Paulo,Sudeste,21936
3505906,Batatais,SP,São Paulo,Sudeste,59939
3506003,Bauru,SP,São Paulo,Sudeste,392947
3506102,Bebedouro,SP,São Paulo,Sudeste,78257
3506201,Bento de Abreu,SP,São Paulo,Sudeste,2640
3506300,Bernardino de Campos,SP,São Paulo,Sudeste,11881
3506359,Bertioga,SP,São Paulo,Sudeste,67436
3506409,Bilac,SP,São Paulo,Sudeste,7464
3506508,Birigui,SP,São Paulo,Sudeste,123340
3506607,Biritiba Mirim,SP,São Paulo,Sudeste,30564
3506706,Boa Esperança do Sul,SP,São Paulo,Sudeste,13113
3506805,Bocaina,SP,São Paulo,Sudeste,11480
3506904,Bofete,SP,São Paulo,Sudeste,10710
3507001,Boituva,SP,São Paulo,Sudeste,63850
3507100,Bom Jesus dos Perdões,SP,São Paulo,Sudeste,22579
3507159,Bom Sucesso de Itararé,SP,São Paulo,Sudeste,3609
3507209,Borá,SP,São Paulo,Sudeste,932
3507308,Boracéia,SP,São Paulo,Sudeste,4838
3507407,Borborema,SP,São Paulo,Sudeste,14405
3507456,Borebi,SP,São Paulo,Sudeste,2801
3507506,Botucatu,SP,São Paulo,Sudeste,151053
3507605,Bragança Paulista,SP,São Paulo,Sudeste,185688
3507704,Braúna,SP,São Paulo,Sudeste,5477
3507753,Brejo Alegre,SP,São Paulo,Sudeste,2605
3507803,Brodowski,SP,São Paulo,Sudeste,26314
3507902,Brotas,SP,São Paulo,Sudeste,24501
3508009,Buri,SP,São Paulo,Sudeste,20731
3508108,Buritama,SP,São Paulo,Sudeste,17658
3508207,Buritizal,SP,São Paulo,Sudeste,4458
3508306,Cabrália Paulista,SP,São Paulo,Sudeste,4360
3508405,Cabreúva,SP,São Paulo,Sudeste,48654
3508504,Caçapava,SP,São Paulo,Sudeste,100071
3508603,Cachoeira Paulista,SP,São Paulo,Sudeste,32534
3508702,Caconde,SP,São Paulo,Sudeste,17228
3508801,Cafelândia,SP,São Paulo,Sudeste,16907
3508900,Caiabu,SP,São Paulo,Sudeste,3726
3509007,Caieiras,SP,São Paulo,Sudeste,98549
3509106,Caiuá,SP,São Paulo,Sudeste,5599
3509205,Cajamar,SP,São Paulo,Sudeste,98365
3509254,Cajati,SP,São Paulo,Sudeste,29262
3509304,Cajobi,SP,São Paulo,Sudeste,9210
3509403,Cajuru,SP,São Paulo,Sudeste,24233
3509452,Campina do Monte Alegre,SP,São Paulo,Sudeste,6090
3509502,Campinas,SP,São Paulo,Sudeste,1187974
3509601,Campo Limpo Paulista,SP,São Paulo,Sudeste,79781
3509700,Campos do Jordão,SP,São Paulo,Sudeste,47956
3509809,Campos Novos Paulista,SP,São Paulo,Sudeste,5003
3509908,Cananéia,SP,São Paulo,Sudeste,12491
3509957,Canas,SP,São Paulo,Sudeste,5068
3510005,Cândido Mota,SP,São Paulo,Sudeste,30157
3510104,Cândido Rodrigues,SP,São Paulo,Sudeste,2959
3510153,Canitar,SP,São Paulo,Sudeste,6589
3510203,Capão Bonito,SP,São Paulo,Sudeste,47409
3510302,Capela do Alto,SP,São Paulo,Sudeste,23777
3510401,Capivari,SP,São Paulo,Sudeste,51369
3510500,Caraguatatuba,SP,São Paulo,Sudeste,142248
3510609,Carapicuíba,SP,São Paulo,Sudeste,398236
3510708,Cardoso,SP,São Paulo,Sudeste,11476
3510807,Casa Branca,SP,São Paulo,Sudeste,28779
3510906,Cássia dos Coqueiros,SP,São Paulo,Sudeste,2861
3511003,Castilho,SP,São Paulo,Sudeste,20485
3511102,Catanduva,SP,São Paulo,Sudeste,119275
3511201,Catiguá,SP,São Paulo,Sudeste,7101
3511300,Cedral,SP,São Paulo,Sudeste,13314
3511409,Cerqueira César,SP,São Paulo,Sudeste,22210
3511508,Cerquilho,SP,São Paulo,Sudeste,46391
3511607,Cesário Lange,SP,São Paulo,Sudeste,19707
3511706,Charqueada,SP,São Paulo,Sudeste,15814
3511904,Clementina,SP,São Paulo,Sudeste,7084
3512001,Colina,SP,São Paulo,Sudeste,18880
3512100,Colômbia,SP,São Paulo,Sudeste,6802
3512209,Conchal,SP,São Paulo,Sudeste,29132
3512308,Conchas,SP,São Paulo,Sudeste,15345
3512407,Cordeirópolis,SP,São Paulo,Sudeste,25286
3512506,Coroados,SP,São Paulo,Sudeste,5504
3512605,Coronel Macedo,SP,São Paulo,Sudeste,4271
3512704,Corumbataí,SP,São Paulo,Sudeste,4296
3512803,Cosmópolis,SP,São Paulo,Sudeste,61167
3512902,Cosmorama,SP,São Paulo,Sudeste,9019
3513009,Cotia,SP,São Paulo,Sudeste,289493
3513108,Cravinhos,SP,São Paulo,Sudeste,34307
3513207,Cristais Paulista,SP,São Paulo,Sudeste,9600
3513306,Cruzália,SP,São Paulo,Sudeste,2123
3513405,Cruzeiro,SP,São Paulo,Sudeste,76444
3513504,Cubatão,SP,São Paulo,Sudeste,114870
3513603,Cunha,SP,São Paulo,Sudeste,22460
3513702,Descalvado,SP,São Paulo,Sudeste,32663
3513801,Diadema,SP,São Paulo,Sudeste,403579
3513850,Dirce Reis,SP,São Paulo,Sudeste,1639
3513900,Divinolândia,SP,São Paulo,Sudeste,11305
3514007,Dobrada,SP,São Paulo,Sudeste,8986
3514106,Dois Córregos,SP,São Paulo,Sudeste,24847
3514205,Dolcinópolis,SP,São Paulo,Sudeste,2254
3514304,Dourado,SP,São Paulo,Sudeste,8169
3514403,Dracena,SP,São Paulo,Sudeste,46735
3514502,Duartina,SP,São Paulo,Sudeste,12532
3514601,Dumont,SP,São Paulo,Sudeste,9764
3514700,Echaporã,SP,São Paulo,Sudeste,6291
3514809,Eldorado,SP,São Paulo,Sudeste,13109
3514908,Elias Fausto,SP,São Paulo,Sudeste,18168
3514924,Elisiário,SP,São Paulo,Sudeste,3190
3514957,Embaúba,SP,São Paulo,Sudeste,2349
3515004,Embu das Artes,SP,São Paulo,Sudeste,259788
3515103,Embu-Guaçu,SP,São Paulo,Sudeste,68913
3515129,Emilianópolis,SP,São Paulo,Sudeste,3061
3515152,Engenheiro Coelho,SP,São Paulo,Sudeste,20261
3515186,Espírito Santo do Pinhal,SP,São Paulo,Sudeste,40610
3515194,Espírito Santo do Turvo,SP,São Paulo,Sudeste,4214
3515202,Estrela d'Oeste,SP,São Paulo,Sudeste,9696
3515301,Estrela do Norte,SP,São Paulo,Sudeste,2751
3515350,Euclides da Cunha Paulista,SP,São Paulo,Sudeste,7883
3515400,Fartura,SP,São Paulo,Sudeste,17029
3515509,Fernandópolis,SP,São Paulo,Sudeste,73508
3515608,Fernando Prestes,SP,São Paulo,Sudeste,6080
3515657,Fernão,SP,São Paulo,Sudeste,1692
3515707,Ferraz de Vasconcelos,SP,São Paulo,Sudeste,186479
3515806,Flora Rica,SP,São Paulo,Sudeste,1483
3515905,Floreal,SP,São Paulo,Sudeste,2747
3516002,Flórida Paulista,SP,São Paulo,Sudeste,13175
3516101,Florínea,SP,São Paulo,Sudeste,4022
3516200,Franca,SP,São Paulo,Sudeste,365494
3516309,Francisco Morato,SP,São Paulo,Sudeste,171476
3516408,Franco da Rocha,SP,São Paulo,Sudeste,150241
3516507,Gabriel Monteiro,SP,São Paulo,Sudeste,2813
3516606,Gália,SP,São Paulo,Sudeste,6413
3516705,Garça,SP,São Paulo,Sudeste,43081
3516804,Gastão Vidigal,SP,São Paulo,Sudeste,3203
3516853,Gavião Peixoto,SP,São Paulo,Sudeste,4806
3516903,General Salgado,SP,São Paulo,Sudeste,10437
3517000,Getulina,SP,São Paulo,Sudeste,10337
3517109,Glicério,SP,São Paulo,Sudeste,4158
3517208,Guaiçara,SP,São Paulo,Sudeste,11478
3517307,Guaimbê,SP,São Paulo,Sudeste,5609
3517406,Guaíra,SP,São Paulo,Sudeste,40489
3517505,Guapiaçu,SP,São Paulo,Sudeste,22445
3517604,Guapiara,SP,São Paulo,Sudeste,17225
3517703,Guará,SP,São Paulo,Sudeste,18748
3517802,Guaraçaí,SP,São Paulo,Sudeste,7453
3517901,Guaraci,SP,São Paulo,Sudeste,10554
3518008,Guarani d'Oeste,SP,São Paulo,Sudeste,1999
3518107,Guarantã,SP,São Paulo,Sudeste,6532
3518206,Guararapes,SP,São Paulo,Sudeste,31888
3518305,Guararema,SP,São Paulo,Sudeste,32620
3518404,Guaratinguetá,SP,São Paulo,Sudeste,121916
3518503,Guareí,SP,São Paulo,Sudeste,15285
3518602,Guariba,SP,São Paulo,Sudeste,38678
3518701,Guarujá,SP,São Paulo,Sudeste,294871
3518800,Guarulhos,SP,São Paulo,Sudeste,1349100
3518859,Guatapará,SP,São Paulo,Sudeste,7474
3518909,Guzolândia,SP,São Paulo,Sudeste,4259
3519006,Herculândia,SP,São Paulo,Sudeste,9316
3519055,Holambra,SP,São Paulo,Sudeste,15718
3519071,Hortolândia,SP,São Paulo,Sudeste,248842
3519105,Iacanga,SP,São Paulo,Sudeste,10648
3519204,Iacri,SP,São Paulo,Sudeste,6197
3519253,Iaras,SP,São Paulo,Sudeste,8313
3519303,Ibaté,SP,São Paulo,Sudeste,33160
3519402,Ibirá,SP,São Paulo,Sudeste,11952
3519501,Ibirarema,SP,São Paulo,Sudeste,6450
3519600,Ibitinga,SP,São Paulo,Sudeste,62143
3519709,Ibiúna,SP,São Paulo,Sudeste,77801
3519808,Icém,SP,São Paulo,Sudeste,7982
3519907,Iepê,SP,São Paulo,Sudeste,7739
3520004,Igaraçu do Tietê,SP,São Paulo,Sudeste,23421
3520103,Igarapava,SP,São Paulo,Sudeste,26696
3520202,Igaratá,SP,São Paulo,Sudeste,10984
3520301,Iguape,SP,São Paulo,Sudeste,29891
3520400,Ilhabela,SP,São Paulo,Sudeste,36559
3520426,Ilha Comprida,SP,São Paulo,Sudeste,14104
3520442,Ilha Solteira,SP,São Paulo,Sudeste,26257
3520509,Indaiatuba,SP,São Paulo,Sudeste,269657
3520608,Indiana,SP,São Paulo,Sudeste,5200
3520707,Indiaporã,SP,São Paulo,Sudeste,4113
3520806,Inúbia Paulista,SP,São Paulo,Sudeste,3671
3520905,Ipaussu,SP,São Paulo,Sudeste,13935
3521002,Iperó,SP,São Paulo,Sudeste,38277
3521101,Ipeúna,SP,São Paulo,Sudeste,7027
3521150,Ipiguá,SP,São Paulo,Sudeste,7115
3521200,Iporanga,SP,São Paulo,Sudeste,4083
3521309,Ipuã,SP,São Paulo,Sudeste,14701
3521408,Iracemápolis,SP,São Paulo,Sudeste,22500
3521507,Irapuã,SP,São Paulo,Sudeste,6932
3521606,Irapuru,SP,São Paulo,Sudeste,7120
3521705,Itaberá,SP,São Paulo,Sudeste,18263
3521804,Itaí,SP,São Paulo,Sudeste,25979
3521903,Itajobi,SP,São Paulo,Sudeste,17502
3522000,Itaju,SP,São Paulo,Sudeste,3715
3522109,Itanhaém,SP,São Paulo,Sudeste,118495
3522158,Itaoca,SP,São Paulo,Sudeste,3497
3522208,Itapecerica da Serra,SP,São Paulo,Sudeste,163003
3522307,Itapetininga,SP,São Paulo,Sudeste,164256
3522406,Itapeva,SP,São Paulo,Sudeste,92393
3522505,Itapevi,SP,São Paulo,Sudeste,242995
3522604,Itapira,SP,São Paulo,Sudeste,74038
3522653,Itapirapuã Paulista,SP,São Paulo,Sudeste,4420
3522703,Itápolis,SP,São Paulo,Sudeste,40445
3522802,Itaporanga,SP,São Paulo,Sudeste,14245
3522901,Itapuí,SP,São Paulo,Sudeste,14035
3523008,Itapura,SP,São Paulo,Sudeste,4002
3523107,Itaquaquecetuba,SP,São Paulo,Sudeste,382983
3523206,Itararé,SP,São Paulo,Sudeste,45213
3523305,Itariri,SP,São Paulo,Sudeste,15916
3523404,Itatiba,SP,São Paulo,Sudeste,127112
3523503,Itatinga,SP,São Paulo,Sudeste,19462
3523602,Itirapina,SP,São Paulo,Sudeste,16454
3523701,Itirapuã,SP,São Paulo,Sudeste,5857
3523800,Itobi,SP,São Paulo,Sudeste,8227
3523909,Itu,SP,São Paulo,Sudeste,175047
3524006,Itupeva,SP,São Paulo,Sudeste,74994
3524105,Ituverava,SP,São Paulo,Sudeste,38413
3524204,Jaborandi,SP,São Paulo,Sudeste,6280
3524303,Jaboticabal,SP,São Paulo,Sudeste,73473
3524402,Jacareí,SP,São Paulo,Sudeste,250952
3524501,Jaci,SP,São Paulo,Sudeste,7944
3524600,Jacupiranga,SP,São Paulo,Sudeste,16216
3524709,Jaguariúna,SP,São Paulo,Sudeste,62309
3524808,Jales,SP,São Paulo,Sudeste,50078
3524907,Jambeiro,SP,São Paulo,Sudeste,6611
3525003,Jandira,SP,São Paulo,Sudeste,121550
3525102,Jardinópolis,SP,São Paulo,Sudeste,47125
3525201,Jarinu,SP,São Paulo,Sudeste,40007
3525300,Jaú,SP,São Paulo,Sudeste,137409
3525409,Jeriquara,SP,São Paulo,Sudeste,4000
3525508,Joanópolis,SP,São Paulo,Sudeste,13131
3525607,João Ramalho,SP,São Paulo,Sudeste,4464
3525706,José Bonifácio,SP,São Paulo,Sudeste,37992
3525805,Júlio Mesquita,SP,São Paulo,Sudeste,4302
3525854,Jumirim,SP,São Paulo,Sudeste,3132
3525904,Jundiaí,SP,São Paulo,Sudeste,463039
3526001,Junqueirópolis,SP,São Paulo,Sudeste,20939
3526100,Juquiá,SP,São Paulo,Sudeste,17184
3526209,Juquitiba,SP,São Paulo,Sudeste,27969
3526308,Lagoinha,SP,São Paulo,Sudeste,5183
3526407,Laranjal Paulista,SP,São Paulo,Sudeste,27044
3526506,Lavínia,SP,São Paulo,Sudeste,9940
3526605,Lavrinhas,SP,São Paulo,Sudeste,7348
3526704,Leme,SP,São Paulo,Sudeste,101537
3526803,Lençóis Paulista,SP,São Paulo,Sudeste,68568
3526902,Limeira,SP,São Paulo,Sudeste,301292
3527009,Lindóia,SP,São Paulo,Sudeste,7158
3527108,Lins,SP,São Paulo,Sudeste,76844
3527207,Lorena,SP,São Paulo,Sudeste,87468
3527256,Lourdes,SP,São Paulo,Sudeste,1962
3527306,Louveira,SP,São Paulo,Sudeste,54865
3527405,Lucélia,SP,São Paulo,Sudeste,20378
3527504,Lucianópolis,SP,São Paulo,Sudeste,2423
3527603,Luís Antônio,SP,São Paulo,Sudeste,12564
3527702,Luiziânia,SP,São Paulo,Sudeste,4740
3527801,Lupércio,SP,São Paulo,Sudeste,4004
3527900,Lutécia,SP,São Paulo,Sudeste,2697
3528007,Macatuba,SP,São Paulo,Sudeste,17140
3528106,Macaubal,SP,São Paulo,Sudeste,7581
3528205,Macedônia,SP,São Paulo,Sudeste,4058
3528304,Magda,SP,São Paulo,Sudeste,3211
3528403,Mairinque,SP,São Paulo,Sudeste,51888
3528502,Mairiporã,SP,São Paulo,Sudeste,97835
3528601,Manduri,SP,São Paulo,Sudeste,10122
3528700,Marabá Paulista,SP,São Paulo,Sudeste,4619
3528809,Maracaí,SP,São Paulo,Sudeste,12804
3528858,Marapoama,SP,São Paulo,Sudeste,3415
3528908,Mariápolis,SP,São Paulo,Sudeste,3526
3529005,Marília,SP,São Paulo,Sudeste,247348
3529104,Marinópolis,SP,São Paulo,Sudeste,1862
3529203,Martinópolis,SP,São Paulo,Sudeste,25240
3529302,Matão,SP,São Paulo,Sudeste,81075
3529401,Mauá,SP,São Paulo,Sudeste,429014
3529500,Mendonça,SP,São Paulo,Sudeste,6420
3529609,Meridiano,SP,São Paulo,Sudeste,4721
3529658,Mesópolis,SP,São Paulo,Sudeste,1990
3529708,Miguelópolis,SP,São Paulo,Sudeste,19621
3529807,Mineiros do Tietê,SP,São Paulo,Sudeste,11322
3529906,Miracatu,SP,São Paulo,Sudeste,18610
3530003,Mira Estrela,SP,São Paulo,Sudeste,3209
3530102,Mirandópolis,SP,São Paulo,Sudeste,28754
3530201,Mirante do Paranapanema,SP,São Paulo,Sudeste,16031
3530300,Mirassol,SP,São Paulo,Sudeste,65811
3530409,Mirassolândia,SP,São Paulo,Sudeste,4783
3530508,Mococa,SP,São Paulo,Sudeste,69372
3530607,Mogi das Cruzes,SP,São Paulo,Sudeste,470302
3530706,Mogi Guaçu,SP,São Paulo,Sudeste,160318
3530805,Mogi Mirim,SP,São Paulo,Sudeste,95742
3530904,Mombuca,SP,São Paulo,Sudeste,3830
3531001,Monções,SP,São Paulo,Sudeste,1947
3531100,Mongaguá,SP,São Paulo,Sudeste,64845
3531209,Monte Alegre do Sul,SP,São Paulo,Sudeste,8923
3531308,Monte Alto,SP,São Paulo,Sudeste,48758
3531407,Monte Aprazível,SP,São Paulo,Sudeste,22668
3531506,Monte Azul Paulista,SP,São Paulo,Sudeste,18337
3531605,Monte Castelo,SP,São Paulo,Sudeste,4306
3531704,Monteiro Lobato,SP,São Paulo,Sudeste,4205
3531803,Monte Mor,SP,São Paulo,Sudeste,67832
3531902,Morro Agudo,SP,São Paulo,Sudeste,28521
3532009,Morungaba,SP,São Paulo,Sudeste,14147
3532058,Motuca,SP,São Paulo,Sudeste,4071
3532108,Murutinga do Sul,SP,São Paulo,Sudeste,3748
3532157,Nantes,SP,São Paulo,Sudeste,2697
3532207,Narandiba,SP,São Paulo,Sudeste,5956
3532306,Natividade da Serra,SP,São Paulo,Sudeste,7155
3532405,Nazaré Paulista,SP,São Paulo,Sudeste,18675
3532504,Neves Paulista,SP,São Paulo,Sudeste,9953
3532603,Nhandeara,SP,São Paulo,Sudeste,9915
3532702,Nipoã,SP,São Paulo,Sudeste,4876
3532801,Nova Aliança,SP,São Paulo,Sudeste,6885
3532827,Nova Campina,SP,São Paulo,Sudeste,8630
3532843,Nova Canaã Paulista,SP,São Paulo,Sudeste,2055
3532868,Nova Castilho,SP,São Paulo,Sudeste,1072
3532900,Nova Europa,SP,São Paulo,Sudeste,9459
3533007,Nova Granada,SP,São Paulo,Sudeste,19733
3533106,Nova Guataporanga,SP,São Paulo,Sudeste,2188
3533205,Nova Independência,SP,São Paulo,Sudeste,4847
3533254,Novais,SP,São Paulo,Sudeste,4463
3533304,Nova Luzitânia,SP,São Paulo,Sudeste,2817
3533403,Nova Odessa,SP,São Paulo,Sudeste,64596
3533502,Novo Horizonte,SP,São Paulo,Sudeste,39494
3533601,Nuporanga,SP,São Paulo,Sudeste,7570
3533700,Ocauçu,SP,São Paulo,Sudeste,4418
3533809,Óleo,SP,São Paulo,Sudeste,2535
3533908,Olímpia,SP,São Paulo,Sudeste,56874
3534005,Onda Verde,SP,São Paulo,Sudeste,4942
3534104,Oriente,SP,São Paulo,Sudeste,6180
3534203,Orindiúva,SP,São Paulo,Sudeste,6157
3534302,Orlândia,SP,São Paulo,Sudeste,39144
3534401,Osasco,SP,São Paulo,Sudeste,759524
3534500,Oscar Bressane,SP,São Paulo,Sudeste,2502
3534609,Osvaldo Cruz,SP,São Paulo,Sudeste,32112
3534708,Ourinhos,SP,São Paulo,Sudeste,106911
3534757,Ouroeste,SP,São Paulo,Sudeste,10660
3534807,Ouro Verde,SP,São Paulo,Sudeste,7900
3534906,Pacaembu,SP,São Paulo,Sudeste,15273
3535002,Palestina,SP,São Paulo,Sudeste,11704
3535101,Palmares Paulista,SP,São Paulo,Sudeste,9666
3535200,Palmeira d'Oeste,SP,São Paulo,Sudeste,8971
3535309,Palmital,SP,São Paulo,Sudeste,19714
3535408,Panorama,SP,São Paulo,Sudeste,15227
3535507,Paraguaçu Paulista,SP,São Paulo,Sudeste,42049
3535606,Paraibuna,SP,São Paulo,Sudeste,17959
3535705,Paraíso,SP,São Paulo,Sudeste,6218
3535804,Paranapanema,SP,São Paulo,Sudeste,19853
3535903,Paranapuã,SP,São Paulo,Sudeste,4118
3536000,Parapuã,SP,São Paulo,Sudeste,10720
3536109,Pardinho,SP,São Paulo,Sudeste,7435
3536208,Pariquera-Açu,SP,São Paulo,Sudeste,19603
3536257,Parisi,SP,São Paulo,Sudeste,3030
3536307,Patrocínio Paulista,SP,São Paulo,Sudeste,14888
3536406,Paulicéia,SP,São Paulo,Sudeste,8255
3536505,Paulínia,SP,São Paulo,Sudeste,116674
3536570,Paulistânia,SP,São Paulo,Sudeste,2156
3536604,Paulo de Faria,SP,São Paulo,Sudeste,7390
3536703,Pederneiras,SP,São Paulo,Sudeste,46337
3536802,Pedra Bela,SP,São Paulo,Sudeste,6745
3536901,Pedranópolis,SP,São Paulo,Sudeste,2856
3537008,Pedregulho,SP,São Paulo,Sudeste,15737
3537107,Pedreira,SP,São Paulo,Sudeste,44385
3537156,Pedrinhas Paulista,SP,São Paulo,Sudeste,2833
3537206,Pedro de Toledo,SP,São Paulo,Sudeste,11617
3537305,Penápolis,SP,São Paulo,Sudeste,63426
3537404,Pereira Barreto,SP,São Paulo,Sudeste,24360
3537503,Pereiras,SP,São Paulo,Sudeste,9013
3537602,Peruíbe,SP,São Paulo,Sudeste,70629
3537701,Piacatu,SP,São Paulo,Sudeste,5631
3537800,Piedade,SP,São Paulo,Sudeste,54266
3537909,Pilar do Sul,SP,São Paulo,Sudeste,28459
3538006,Pindamonhangaba,SP,São Paulo,Sudeste,172681
3538105,Pindorama,SP,São Paulo,Sudeste,14704
3538204,Pinhalzinho,SP,São Paulo,Sudeste,15676
3538303,Piquerobi,SP,São Paulo,Sudeste,3287
3538501,Piquete,SP,São Paulo,Sudeste,12516
3538600,Piracaia,SP,São Paulo,Sudeste,26795
3538709,Piracicaba,SP,São Paulo,Sudeste,440835
3538808,Piraju,SP,São Paulo,Sudeste,30294
3538907,Pirajuí,SP,São Paulo,Sudeste,22734
3539004,Pirangi,SP,São Paulo,Sudeste,11085
3539103,Pirapora do Bom Jesus,SP,São Paulo,Sudeste,18925
3539202,Pirapozinho,SP,São Paulo,Sudeste,26097
3539301,Pirassununga,SP,São Paulo,Sudeste,75594
3539400,Piratininga,SP,São Paulo,Sudeste,15657
3539509,Pitangueiras,SP,São Paulo,Sudeste,34361
3539608,Planalto,SP,São Paulo,Sudeste,4451
3539707,Platina,SP,São Paulo,Sudeste,3055
3539806,Poá,SP,São Paulo,Sudeste,106355
3539905,Poloni,SP,São Paulo,Sudeste,5702
3540002,Pompéia,SP,São Paulo,Sudeste,20520
3540101,Pongaí,SP,São Paulo,Sudeste,3440
3540200,Pontal,SP,São Paulo,Sudeste,38286
3540259,Pontalinda,SP,São Paulo,Sudeste,4198
3540309,Pontes Gestal,SP,São Paulo,Sudeste,2411
3540408,Populina,SP,São Paulo,Sudeste,4182
3540507,Porangaba,SP,São Paulo,Sudeste,10850
3540606,Porto Feliz,SP,São Paulo,Sudeste,58605
3540705,Porto Ferreira,SP,São Paulo,Sudeste,53966
3540754,Potim,SP,São Paulo,Sudeste,20801
3540804,Potirendaba,SP,São Paulo,Sudeste,19097
3540853,Pracinha,SP,São Paulo,Sudeste,2589
3540903,Pradópolis,SP,São Paulo,Sudeste,17299
3541000,Praia Grande,SP,São Paulo,Sudeste,368539
3541059,Pratânia,SP,São Paulo,Sudeste,5264
3541109,Presidente Alves,SP,São Paulo,Sudeste,3830
3541208,Presidente Bernardes,SP,São Paulo,Sudeste,14803
3541307,Presidente Epitácio,SP,São Paulo,Sudeste,40322
3541406,Presidente Prudente,SP,São Paulo,Sudeste,234706
3541505,Presidente Venceslau,SP,São Paulo,Sudeste,35810
3541604,Promissão,SP,São Paulo,Sudeste,35973
3541653,Quadra,SP,São Paulo,Sudeste,3477
3541703,Quatá,SP,São Paulo,Sudeste,13412
3541802,Queiroz,SP,São Paulo,Sudeste,3366
3541901,Queluz,SP,São Paulo,Sudeste,9074
3542008,Quintana,SP,São Paulo,Sudeste,7260
3542107,Rafard,SP,São Paulo,Sudeste,9145
3542206,Rancharia,SP,São Paulo,Sudeste,29387
3542305,Redenção da Serra,SP,São Paulo,Sudeste,4637
3542404,Regente Feijó,SP,São Paulo,Sudeste,20620
3542503,Reginópolis,SP,São Paulo,Sudeste,7820
3542602,Registro,SP,São Paulo,Sudeste,61927
3542701,Restinga,SP,São Paulo,Sudeste,6486
3542800,Ribeira,SP,São Paulo,Sudeste,3158
3542909,Ribeirão Bonito,SP,São Paulo,Sudeste,11040
3543006,Ribeirão Branco,SP,São Paulo,Sudeste,18942
3543105,Ribeirão Corrente,SP,São Paulo,Sudeste,4717
3543204,Ribeirão do Sul,SP,São Paulo,Sudeste,4776
3543238,Ribeirão dos Índios,SP,São Paulo,Sudeste,2040
3543253,Ribeirão Grande,SP,São Paulo,Sudeste,7571
3543303,Ribeirão Pires,SP,São Paulo,Sudeste,118954
3543402,Ribeirão Preto,SP,São Paulo,Sudeste,731639
3543501,Riversul,SP,São Paulo,Sudeste,5628
3543600,Rifaina,SP,São Paulo,Sudeste,4179
3543709,Rincão,SP,São Paulo,Sudeste,9101
3543808,Rinópolis,SP,São Paulo,Sudeste,9334
3543907,Rio Claro,SP,São Paulo,Sudeste,210323
3544004,Rio das Pedras,SP,São Paulo,Sudeste,32329
3544103,Rio Grande da Serra,SP,São Paulo,Sudeste,45324
3544202,Riolândia,SP,São Paulo,Sudeste,10444
3544251,Rosana,SP,São Paulo,Sudeste,17434
3544301,Roseira,SP,São Paulo,Sudeste,11137
3544400,Rubiácea,SP,São Paulo,Sudeste,2740
3544509,Rubinéia,SP,São Paulo,Sudeste,3998
3544608,Sabino,SP,São Paulo,Sudeste,5182
3544707,Sagres,SP,São Paulo,Sudeste,2522
3544806,Sales,SP,São Paulo,Sudeste,6645
3544905,Sales Oliveira,SP,São Paulo,Sudeste,11683
3545001,Salesópolis,SP,São Paulo,Sudeste,15381
3545100,Salmourão,SP,São Paulo,Sudeste,4883
3545159,Saltinho,SP,São Paulo,Sudeste,8407
3545209,Salto,SP,São Paulo,Sudeste,141111
3545308,Salto de Pirapora,SP,São Paulo,Sudeste,45262
3545407,Salto Grande,SP,São Paulo,Sudeste,9221
3545506,Sandovalina,SP,São Paulo,Sudeste,3697
3545605,Santa Adélia,SP,São Paulo,Sudeste,14193
3545704,Santa Albertina,SP,São Paulo,Sudeste,6566
3545803,Santa Bárbara d'Oeste,SP,São Paulo,Sudeste,189456
3546009,Santa Branca,SP,São Paulo,Sudeste,14219
3546108,Santa Clara d'Oeste,SP,São Paulo,Sudeste,2694
3546207,Santa Cruz da Conceição,SP,São Paulo,Sudeste,4375
3546256,Santa Cruz da Esperança,SP,São Paulo,Sudeste,2168
3546306,Santa Cruz das Palmeiras,SP,São Paulo,Sudeste,29489
3546405,Santa Cruz do Rio Pardo,SP,São Paulo,Sudeste,47759
3546504,Santa Ernestina,SP,São Paulo,Sudeste,6274
3546603,Santa Fé do Sul,SP,São Paulo,Sudeste,36288
3546702,Santa Gertrudes,SP,São Paulo,Sudeste,23192
3546801,Santa Isabel,SP,São Paulo,Sudeste,54691
3546900,Santa Lúcia,SP,São Paulo,Sudeste,7144
3547007,Santa Maria da Serra,SP,São Paulo,Sudeste,5308
3547106,Santa Mercedes,SP,São Paulo,Sudeste,3017
3547205,Santana da Ponte Pensa,SP,São Paulo,Sudeste,1699
3547304,Santana de Parnaíba,SP,São Paulo,Sudeste,163787
3547403,Santa Rita d'Oeste,SP,São Paulo,Sudeste,2796
3547502,Santa Rita do Passa Quatro,SP,São Paulo,Sudeste,24996
3547601,Santa Rosa de Viterbo,SP,São Paulo,Sudeste,23710
3547650,Santa Salete,SP,São Paulo,Sudeste,1692
3547700,Santo Anastácio,SP,São Paulo,Sudeste,17960
3547809,Santo André,SP,São Paulo,Sudeste,782048
3547908,Santo Antônio da Alegria,SP,São Paulo,Sudeste,6933
3548005,Santo Antônio de Posse,SP,São Paulo,Sudeste,23867
3548054,Santo Antônio do Aracanguá,SP,São Paulo,Sudeste,8593
3548104,Santo Antônio do Jardim,SP,São Paulo,Sudeste,6243
3548203,Santo Antônio do Pinhal,SP,São Paulo,Sudeste,7314
3548302,Santo Expedito,SP,São Paulo,Sudeste,3069
3548401,Santópolis do Aguapeí,SP,São Paulo,Sudeste,3921
3548500,Santos,SP,São Paulo,Sudeste,429547
3548609,São Bento do Sapucaí,SP,São Paulo,Sudeste,11989
3548708,São Bernardo do Campo,SP,São Paulo,Sudeste,841154
3548807,São Caetano do Sul,SP,São Paulo,Sudeste,172693
3548906,São Carlos,SP,São Paulo,Sudeste,266427
3549003,São Francisco,SP,São Paulo,Sudeste,2623
3549102,São João da Boa Vista,SP,São Paulo,Sudeste,96080
3549201,São João das Duas Pontes,SP,São Paulo,Sudeste,2623
3549250,São João de Iracema,SP,São Paulo,Sudeste,1882
3549300,São João do Pau d'Alho,SP,São Paulo,Sudeste,2293
3549409,São Joaquim da Barra,SP,São Paulo,Sudeste,49885
3549508,São José da Bela Vista,SP,São Paulo,Sudeste,7664
3549607,São José do Barreiro,SP,São Paulo,Sudeste,3888
3549706,São José do Rio Pardo,SP,São Paulo,Sudeste,53427
3549805,São José do Rio Preto,SP,São Paulo,Sudeste,504166
3549904,São José dos Campos,SP,São Paulo,Sudeste,727078
3549953,São Lourenço da Serra,SP,São Paulo,Sudeste,16479
3550001,São Luiz do Paraitinga,SP,São Paulo,Sudeste,10487
3550100,São Manuel,SP,São Paulo,Sudeste,38131
3550209,São Miguel Arcanjo,SP,São Paulo,Sudeste,32924
3550308,São Paulo,SP,São Paulo,Sudeste,11904961
3550407,São Pedro,SP,São Paulo,Sudeste,39855
3550506,São Pedro do Turvo,SP,São Paulo,Sudeste,7333
3550605,São Roque,SP,São Paulo,Sudeste,81366
3550704,São Sebastião,SP,São Paulo,Sudeste,84280
3550803,São Sebastião da Grama,SP,São Paulo,Sudeste,10428
3550902,São Simão,SP,São Paulo,Sudeste,13560
3551009,São Vicente,SP,São Paulo,Sudeste,338326
3551108,Sarapuí,SP,São Paulo,Sudeste,10677
3551207,Sarutaiá,SP,São Paulo,Sudeste,3772
3551306,Sebastianópolis do Sul,SP,São Paulo,Sudeste,3191
3551405,Serra Azul,SP,São Paulo,Sudeste,13108
3551504,Serrana,SP,São Paulo,Sudeste,45580
3551603,Serra Negra,SP,São Paulo,Sudeste,31047
3551702,Sertãozinho,SP,São Paulo,Sudeste,132176
3551801,Sete Barras,SP,São Paulo,Sudeste,12903
3551900,Severínia,SP,São Paulo,Sudeste,14693
3552007,Silveiras,SP,São Paulo,Sudeste,6329
3552106,Socorro,SP,São Paulo,Sudeste,41527
3552205,Sorocaba,SP,São Paulo,Sudeste,762172
3552304,Sud Mennucci,SP,São Paulo,Sudeste,7464
3552403,Sumaré,SP,São Paulo,Sudeste,291116
3552502,Suzano,SP,São Paulo,Sudeste,320261
3552551,Suzanápolis,SP,São Paulo,Sudeste,3465
3552601,Tabapuã,SP,São Paulo,Sudeste,11498
3552700,Tabatinga,SP,São Paulo,Sudeste,14997
3552809,Taboão da Serra,SP,São Paulo,Sudeste,285307
3552908,Taciba,SP,São Paulo,Sudeste,6418
3553005,Taguaí,SP,São Paulo,Sudeste,13068
3553104,Taiaçu,SP,São Paulo,Sudeste,5744
3553203,Taiúva,SP,São Paulo,Sudeste,6770
3553302,Tambaú,SP,São Paulo,Sudeste,21650
3553401,Tanabi,SP,São Paulo,Sudeste,26071
3553500,Tapiraí,SP,São Paulo,Sudeste,8122
3553609,Tapiratiba,SP,São Paulo,Sudeste,11903
3553658,Taquaral,SP,São Paulo,Sudeste,2649
3553708,Taquaritinga,SP,São Paulo,Sudeste,53264
3553807,Taquarituba,SP,São Paulo,Sudeste,24932
3553856,Taquarivaí,SP,São Paulo,Sudeste,7170
3553906,Tarabai,SP,São Paulo,Sudeste,6633
3553955,Tarumã,SP,São Paulo,Sudeste,15315
3554003,Tatuí,SP,São Paulo,Sudeste,129130
3554102,Taubaté,SP,São Paulo,Sudeste,322397
3554201,Tejupá,SP,São Paulo,Sudeste,4119
3554300,Teodoro Sampaio,SP,São Paulo,Sudeste,22598
3554409,Terra Roxa,SP,São Paulo,Sudeste,7965
3554508,Tietê,SP,São Paulo,Sudeste,38723
3554607,Timburi,SP,São Paulo,Sudeste,2484
3554656,Torre de Pedra,SP,São Paulo,Sudeste,2056
3554706,Torrinha,SP,São Paulo,Sudeste,9484
3554755,Trabiju,SP,São Paulo,Sudeste,1724
3554805,Tremembé,SP,São Paulo,Sudeste,53426
3554904,Três Fronteiras,SP,São Paulo,Sudeste,7060
3554953,Tuiuti,SP,São Paulo,Sudeste,6976
3555000,Tupã,SP,São Paulo,Sudeste,65433
3555109,Tupi Paulista,SP,São Paulo,Sudeste,16259
3555208,Turiúba,SP,São Paulo,Sudeste,1835
3555307,Turmalina,SP,São Paulo,Sudeste,1662
3555356,Ubarana,SP,São Paulo,Sudeste,5458
3555406,Ubatuba,SP,São Paulo,Sudeste,97096
3555505,Ubirajara,SP,São Paulo,Sudeste,5289
3555604,Uchoa,SP,São Paulo,Sudeste,10670
3555703,União Paulista,SP,São Paulo,Sudeste,1628
3555802,Urânia,SP,São Paulo,Sudeste,8973
3555901,Uru,SP,São Paulo,Sudeste,1424
3556008,Urupês,SP,São Paulo,Sudeste,14073
3556107,Valentim Gentil,SP,São Paulo,Sudeste,14634
3556206,Valinhos,SP,São Paulo,Sudeste,132258
3556305,Valparaíso,SP,São Paulo,Sudeste,24779
3556354,Vargem,SP,São Paulo,Sudeste,10863
3556404,Vargem Grande do Sul,SP,São Paulo,Sudeste,41256
3556453,Vargem Grande Paulista,SP,São Paulo,Sudeste,52352
3556503,Várzea Paulista,SP,São Paulo,Sudeste,119655
3556602,Vera Cruz,SP,São Paulo,Sudeste,10274
3556701,Vinhedo,SP,São Paulo,Sudeste,79089
3556800,Viradouro,SP,São Paulo,Sudeste,17685
3556909,Vista Alegre do Alto,SP,São Paulo,Sudeste,8368
3556958,Vitória Brasil,SP,São Paulo,Sudeste,1828
3557006,Votorantim,SP,São Paulo,Sudeste,133510
3557105,Votuporanga,SP,São Paulo,Sudeste,100568
3557154,Zacarias,SP,São Paulo,Sudeste,2773
3557204,Chavantes,SP,São Paulo,Sudeste,12415
3557303,Estiva Gerbi,SP,São Paulo,Sudeste,11609
4100103,Abatiá,PR,Paraná,Sul,7233
4100202,Adrianópolis,PR,Paraná,Sul,6319
4100301,Agudos do Sul,PR,Paraná,Sul,10770
4100400,Almirante Tamandaré,PR,Paraná,Sul,125861
4100459,Altamira do Paraná,PR,Paraná,Sul,3496
4100509,Altônia,PR,Paraná,Sul,18634
4100608,Alto Paraná,PR,Paraná,Sul,14183
4100707,Alto Piquiri,PR,Paraná,Sul,9771
4100806,Alvorada do Sul,PR,Paraná,Sul,10481
4100905,Amaporã,PR,Paraná,Sul,4688
4101002,Ampére,PR,Paraná,Sul,20337
4101051,Anahy,PR,Paraná,Sul,2971
4101101,Andirá,PR,Paraná,Sul,19989
4101150,Ângulo,PR,Paraná,Sul,3357
4101200,Antonina,PR,Paraná,Sul,18140
4101309,Antônio Olinto,PR,Paraná,Sul,7048
4101408,Apucarana,PR,Paraná,Sul,134910
4101507,Arapongas,PR,Paraná,Sul,124838
4101606,Arapoti,PR,Paraná,Sul,26325
4101655,Arapuã,PR,Paraná,Sul,3573
4101705,Araruna,PR,Paraná,Sul,14894
4101804,Araucária,PR,Paraná,Sul,162247
4101853,Ariranha do Ivaí,PR,Paraná,Sul,2351
4101903,Assaí,PR,Paraná,Sul,13477
4102000,Assis Chateaubriand,PR,Paraná,Sul,38357
4102109,Astorga,PR,Paraná,Sul,26203
4102208,Atalaia,PR,Paraná,Sul,4046
4102307,Balsa Nova,PR,Paraná,Sul,13867
4102406,Bandeirantes,PR,Paraná,Sul,31747
4102505,Barbosa Ferraz,PR,Paraná,Sul,10580
4102604,Barracão,PR,Paraná,Sul,9903
4102703,Barra do Jacaré,PR,Paraná,Sul,2872
4102752,Bela Vista da Caroba,PR,Paraná,Sul,4122
4102802,Bela Vista do Paraíso,PR,Paraná,Sul,14982
4102901,Bituruna,PR,Paraná,Sul,15650
4103008,Boa Esperança,PR,Paraná,Sul,4595
4103024,Boa Esperança do Iguaçu,PR,Paraná,Sul,2421
4103040,Boa Ventura de São Roque,PR,Paraná,Sul,6241
4103057,Boa Vista da Aparecida,PR,Paraná,Sul,8023
4103107,Bocaiúva do Sul,PR,Paraná,Sul,13405
4103156,Bom Jesus do Sul,PR,Paraná,Sul,4072
4103206,Bom Sucesso,PR,Paraná,Sul,6674
4103222,Bom Sucesso do Sul,PR,Paraná,Sul,3244
4103305,Borrazópolis,PR,Paraná,Sul,7818
4103354,Braganey,PR,Paraná,Sul,4745
4103370,Brasilândia do Sul,PR,Paraná,Sul,3861
4103404,Cafeara,PR,Paraná,Sul,2648
4103453,Cafelândia,PR,Paraná,Sul,20145
4103479,Cafezal do Sul,PR,Paraná,Sul,4580
4103503,Califórnia,PR,Paraná,Sul,8963
4103602,Cambará,PR,Paraná,Sul,23393
4103701,Cambé,PR,Paraná,Sul,110923
4103800,Cambira,PR,Paraná,Sul,10045
4103909,Campina da Lagoa,PR,Paraná,Sul,16014
4103958,Campina do Simão,PR,Paraná,Sul,3954
4104006,Campina Grande do Sul,PR,Paraná,Sul,50600
4104055,Campo Bonito,PR,Paraná,Sul,3997
4104105,Campo do Tenente,PR,Paraná,Sul,7693
4104204,Campo Largo,PR,Paraná,Sul,144504
4104253,Campo Magro,PR,Paraná,Sul,31888
4104303,Campo Mourão,PR,Paraná,Sul,104122
4104402,Cândido de Abreu,PR,Paraná,Sul,15081
4104428,Candói,PR,Paraná,Sul,15174
4104451,Cantagalo,PR,Paraná,Sul,10672
4104501,Capanema,PR,Paraná,Sul,21088
4104600,Capitão Leônidas Marques,PR,Paraná,Sul,14776
4104659,Carambeí,PR,Paraná,Sul,24469
4104709,Carlópolis,PR,Paraná,Sul,17788
4104808,Cascavel,PR,Paraná,Sul,368195
4104907,Castro,PR,Paraná,Sul,75644
4105003,Catanduvas,PR,Paraná,Sul,10621
4105102,Centenário do Sul,PR,Paraná,Sul,10903
4105201,Cerro Azul,PR,Paraná,Sul,16287
4105300,Céu Azul,PR,Paraná,Sul,11255
4105409,Chopinzinho,PR,Paraná,Sul,21604
4105508,Cianorte,PR,Paraná,Sul,82988
4105607,Cidade Gaúcha,PR,Paraná,Sul,11705
4105706,Clevelândia,PR,Paraná,Sul,14833
4105805,Colombo,PR,Paraná,Sul,241672
4105904,Colorado,PR,Paraná,Sul,23313
4106001,Congonhinhas,PR,Paraná,Sul,8445
4106100,Conselheiro Mairinck,PR,Paraná,Sul,3474
4106209,Contenda,PR,Paraná,Sul,20006
4106308,Corbélia,PR,Paraná,Sul,17933
4106407,Cornélio Procópio,PR,Paraná,Sul,45720
4106456,Coronel Domingos Soares,PR,Paraná,Sul,5427
4106506,Coronel Vivida,PR,Paraná,Sul,24010
4106555,Corumbataí do Sul,PR,Paraná,Sul,3770
4106571,Cruzeiro do Iguaçu,PR,Paraná,Sul,4129
4106605,Cruzeiro do Oeste,PR,Paraná,Sul,24859
4106704,Cruzeiro do Sul,PR,Paraná,Sul,4543
4106803,Cruz Machado,PR,Paraná,Sul,15759
4106852,Cruzmaltina,PR,Paraná,Sul,2870
4106902,Curitiba,PR,Paraná,Sul,1830795
4107009,Curiúva,PR,Paraná,Sul,13784
4107108,Diamante do Norte,PR,Paraná,Sul,5139
4107124,Diamante do Sul,PR,Paraná,Sul,3147
4107157,Diamante D'Oeste,PR,Paraná,Sul,4513
4107207,Dois Vizinhos,PR,Paraná,Sul,47589
4107256,Douradina,PR,Paraná,Sul,9631
4107306,Doutor Camargo,PR,Paraná,Sul,6517
4107405,Enéas Marques,PR,Paraná,Sul,6146
4107504,Engenheiro Beltrão,PR,Paraná,Sul,12347
4107520,Esperança Nova,PR,Paraná,Sul,1852
4107538,Entre Rios do Oeste,PR,Paraná,Sul,4770
4107546,Espigão Alto do Iguaçu,PR,Paraná,Sul,4880
4107553,Farol,PR,Paraná,Sul,2994
4107603,Faxinal,PR,Paraná,Sul,16596
4107652,Fazenda Rio Grande,PR,Paraná,Sul,165943
4107702,Fênix,PR,Paraná,Sul,4488
4107736,Fernandes Pinheiro,PR,Paraná,Sul,6400
4107751,Figueira,PR,Paraná,Sul,8129
4107801,Floraí,PR,Paraná,Sul,4805
4107850,Flor da Serra do Sul,PR,Paraná,Sul,4342
4107900,Floresta,PR,Paraná,Sul,11522
4108007,Florestópolis,PR,Paraná,Sul,11653
4108106,Flórida,PR,Paraná,Sul,2711
4108205,Formosa do Oeste,PR,Paraná,Sul,7763
4108304,Foz do Iguaçu,PR,Paraná,Sul,297352
4108320,Francisco Alves,PR,Paraná,Sul,8573
4108403,Francisco Beltrão,PR,Paraná,Sul,102312
4108452,Foz do Jordão,PR,Paraná,Sul,4893
4108502,General Carneiro,PR,Paraná,Sul,10691
4108551,Godoy Moreira,PR,Paraná,Sul,2911
4108601,Goioerê,PR,Paraná,Sul,30025
4108650,Goioxim,PR,Paraná,Sul,6469
4108700,Grandes Rios,PR,Paraná,Sul,5527
4108809,Guaíra,PR,Paraná,Sul,33058
4108908,Guairaçá,PR,Paraná,Sul,6762
4108957,Guamiranga,PR,Paraná,Sul,7916
4109005,Guapirama,PR,Paraná,Sul,4857
4109104,Guaporema,PR,Paraná,Sul,2210
4109203,Guaraci,PR,Paraná,Sul,4743
4109302,Guaraniaçu,PR,Paraná,Sul,13770
4109401,Guarapuava,PR,Paraná,Sul,189630
4109500,Guaraqueçaba,PR,Paraná,Sul,7446
4109609,Guaratuba,PR,Paraná,Sul,44913
4109658,Honório Serpa,PR,Paraná,Sul,4803
4109708,Ibaiti,PR,Paraná,Sul,29464
4109757,Ibema,PR,Paraná,Sul,6343
4109807,Ibiporã,PR,Paraná,Sul,53276
4109906,Icaraíma,PR,Paraná,Sul,9149
4110003,Iguaraçu,PR,Paraná,Sul,5693
4110052,Iguatu,PR,Paraná,Sul,2156
4110078,Imbaú,PR,Paraná,Sul,15068
4110102,Imbituva,PR,Paraná,Sul,30849
4110201,Inácio Martins,PR,Paraná,Sul,9555
4110300,Inajá,PR,Paraná,Sul,2481
4110409,Indianópolis,PR,Paraná,Sul,4544
4110508,Ipiranga,PR,Paraná,Sul,14317
4110607,Iporã,PR,Paraná,Sul,16102
4110656,Iracema do Oeste,PR,Paraná,Sul,2328
4110706,Irati,PR,Paraná,Sul,61004
4110805,Iretama,PR,Paraná,Sul,10832
4110904,Itaguajé,PR,Paraná,Sul,4530
4110953,Itaipulândia,PR,Paraná,Sul,12116
4111001,Itambaracá,PR,Paraná,Sul,5819
4111100,Itambé,PR,Paraná,Sul,6228
4111209,Itapejara d'Oeste,PR,Paraná,Sul,12869
4111258,Itaperuçu,PR,Paraná,Sul,33310
4111308,Itaúna do Sul,PR,Paraná,Sul,3607
4111407,Ivaí,PR,Paraná,Sul,13476
4111506,Ivaiporã,PR,Paraná,Sul,33566
4111555,Ivaté,PR,Paraná,Sul,6788
4111605,Ivatuba,PR,Paraná,Sul,2685
4111704,Jaboti,PR,Paraná,Sul,5655
4111803,Jacarezinho,PR,Paraná,Sul,41493
4111902,Jaguapitã,PR,Paraná,Sul,15908
4112009,Jaguariaíva,PR,Paraná,Sul,36384
4112108,Jandaia do Sul,PR,Paraná,Sul,21930
4112207,Janiópolis,PR,Paraná,Sul,5807
4112306,Japira,PR,Paraná,Sul,5054
4112405,Japurá,PR,Paraná,Sul,9393
4112504,Jardim Alegre,PR,Paraná,Sul,12138
4112603,Jardim Olinda,PR,Paraná,Sul,1349
4112702,Jataizinho,PR,Paraná,Sul,11996
4112751,Jesuítas,PR,Paraná,Sul,10954
4112801,Joaquim Távora,PR,Paraná,Sul,12341
4112900,Jundiaí do Sul,PR,Paraná,Sul,3372
4112959,Juranda,PR,Paraná,Sul,7899
4113007,Jussara,PR,Paraná,Sul,6786
4113106,Kaloré,PR,Paraná,Sul,4666
4113205,Lapa,PR,Paraná,Sul,45878
4113254,Laranjal,PR,Paraná,Sul,5525
4113304,Laranjeiras do Sul,PR,Paraná,Sul,33179
4113403,Leópolis,PR,Paraná,Sul,3725
4113429,Lidianópolis,PR,Paraná,Sul,3987
4113452,Lindoeste,PR,Paraná,Sul,5217
4113502,Loanda,PR,Paraná,Sul,23966
4113601,Lobato,PR,Paraná,Sul,4707
4113700,Londrina,PR,Paraná,Sul,581382
4113734,Luiziana,PR,Paraná,Sul,6659
4113759,Lunardelli,PR,Paraná,Sul,4864
4113809,Lupionópolis,PR,Paraná,Sul,4929
4113908,Mallet,PR,Paraná,Sul,13681
4114005,Mamborê,PR,Paraná,Sul,13551
4114104,Mandaguaçu,PR,Paraná,Sul,34521
4114203,Mandaguari,PR,Paraná,Sul,38313
4114302,Mandirituba,PR,Paraná,Sul,29104
4114351,Manfrinópolis,PR,Paraná,Sul,2790
4114401,Mangueirinha,PR,Paraná,Sul,16737
4114500,Manoel Ribas,PR,Paraná,Sul,14675
4114609,Marechal Cândido Rondon,PR,Paraná,Sul,58734
4114708,Maria Helena,PR,Paraná,Sul,5926
4114807,Marialva,PR,Paraná,Sul,44749
4114906,Marilândia do Sul,PR,Paraná,Sul,8761
4115002,Marilena,PR,Paraná,Sul,7450
4115101,Mariluz,PR,Paraná,Sul,9910
4115200,Maringá,PR,Paraná,Sul,429660
4115309,Mariópolis,PR,Paraná,Sul,6506
4115358,Maripá,PR,Paraná,Sul,6824
4115408,Marmeleiro,PR,Paraná,Sul,16605
4115457,Marquinho,PR,Paraná,Sul,4491
4115507,Marumbi,PR,Paraná,Sul,4780
4115606,Matelândia,PR,Paraná,Sul,19223
4115705,Matinhos,PR,Paraná,Sul,42063
4115739,Mato Rico,PR,Paraná,Sul,3249
4115754,Mauá da Serra,PR,Paraná,Sul,9689
4115804,Medianeira,PR,Paraná,Sul,57910
4115853,Mercedes,PR,Paraná,Sul,6194
4115903,Mirador,PR,Paraná,Sul,2248
4116000,Miraselva,PR,Paraná,Sul,2017
4116059,Missal,PR,Paraná,Sul,11423
4116109,Moreira Sales,PR,Paraná,Sul,9949
4116208,Morretes,PR,Paraná,Sul,19089
4116307,Munhoz de Melo,PR,Paraná,Sul,4057
4116406,Nossa Senhora das Graças,PR,Paraná,Sul,3669
4116505,Nova Aliança do Ivaí,PR,Paraná,Sul,1322
4116604,Nova América da Colina,PR,Paraná,Sul,3286
4116703,Nova Aurora,PR,Paraná,Sul,14331
4116802,Nova Cantu,PR,Paraná,Sul,6739
4116901,Nova Esperança,PR,Paraná,Sul,27142
4116950,Nova Esperança do Sudoeste,PR,Paraná,Sul,5783
4117008,Nova Fátima,PR,Paraná,Sul,7140
4117057,Nova Laranjeiras,PR,Paraná,Sul,12298
4117107,Nova Londrina,PR,Paraná,Sul,13074
4117206,Nova Olímpia,PR,Paraná,Sul,5982
4117214,Nova Santa Bárbara,PR,Paraná,Sul,4308
4117222,Nova Santa Rosa,PR,Paraná,Sul,8581
4117255,Nova Prata do Iguaçu,PR,Paraná,Sul,13340
4117271,Nova Tebas,PR,Paraná,Sul,6852
4117297,Novo Itacolomi,PR,Paraná,Sul,3227
4117305,Ortigueira,PR,Paraná,Sul,24706
4117404,Ourizona,PR,Paraná,Sul,3193
4117453,Ouro Verde do Oeste,PR,Paraná,Sul,7102
4117503,Paiçandu,PR,Paraná,Sul,48695
4117602,Palmas,PR,Paraná,Sul,50238
4117701,Palmeira,PR,Paraná,Sul,34948
4117800,Palmital,PR,Paraná,Sul,12879
4117909,Palotina,PR,Paraná,Sul,37039
4118006,Paraíso do Norte,PR,Paraná,Sul,13728
4118105,Paranacity,PR,Paraná,Sul,9549
4118204,Paranaguá,PR,Paraná,Sul,150104
4118303,Paranapoema,PR,Paraná,Sul,2352
4118402,Paranavaí,PR,Paraná,Sul,96209
4118451,Pato Bragado,PR,Paraná,Sul,6004
4118501,Pato Branco,PR,Paraná,Sul,97821
4118600,Paula Freitas,PR,Paraná,Sul,5706
4118709,Paulo Frontin,PR,Paraná,Sul,6414
4118808,Peabiru,PR,Paraná,Sul,13494
4118857,Perobal,PR,Paraná,Sul,7599
4118907,Pérola,PR,Paraná,Sul,12389
4119004,Pérola d'Oeste,PR,Paraná,Sul,6218
4119103,Piên,PR,Paraná,Sul,14409
4119152,Pinhais,PR,Paraná,Sul,131255
4119202,Pinhalão,PR,Paraná,Sul,6676
4119251,Pinhal de São Bento,PR,Paraná,Sul,2805
4119301,Pinhão,PR,Paraná,Sul,30451
4119400,Piraí do Sul,PR,Paraná,Sul,23977
4119509,Piraquara,PR,Paraná,Sul,127433
4119608,Pitanga,PR,Paraná,Sul,34527
4119657,Pitangueiras,PR,Paraná,Sul,3141
4119707,Planaltina do Paraná,PR,Paraná,Sul,4125
4119806,Planalto,PR,Paraná,Sul,14722
4119905,Ponta Grossa,PR,Paraná,Sul,375632
4119954,Pontal do Paraná,PR,Paraná,Sul,33131
4120002,Porecatu,PR,Paraná,Sul,11271
4120101,Porto Amazonas,PR,Paraná,Sul,4072
4120150,Porto Barreiro,PR,Paraná,Sul,3057
4120200,Porto Rico,PR,Paraná,Sul,3370
4120309,Porto Vitória,PR,Paraná,Sul,3515
4120333,Prado Ferreira,PR,Paraná,Sul,3816
4120358,Pranchita,PR,Paraná,Sul,5831
4120408,Presidente Castelo Branco,PR,Paraná,Sul,4304
4120507,Primeiro de Maio,PR,Paraná,Sul,10064
4120606,Prudentópolis,PR,Paraná,Sul,50946
4120655,Quarto Centenário,PR,Paraná,Sul,4127
4120705,Quatiguá,PR,Paraná,Sul,8426
4120804,Quatro Barras,PR,Paraná,Sul,25397
4120853,Quatro Pontes,PR,Paraná,Sul,4672
4120903,Quedas do Iguaçu,PR,Paraná,Sul,31423
4121000,Querência do Norte,PR,Paraná,Sul,10625
4121109,Quinta do Sol,PR,Paraná,Sul,5052
4121208,Quitandinha,PR,Paraná,Sul,18882
4121257,Ramilândia,PR,Paraná,Sul,4279
4121307,Rancho Alegre,PR,Paraná,Sul,3472
4121356,Rancho Alegre D'Oeste,PR,Paraná,Sul,2623
4121406,Realeza,PR,Paraná,Sul,20097
4121505,Rebouças,PR,Paraná,Sul,14825
4121604,Renascença,PR,Paraná,Sul,6945
4121703,Reserva,PR,Paraná,Sul,24878
4121752,Reserva do Iguaçu,PR,Paraná,Sul,6493
4121802,Ribeirão Claro,PR,Paraná,Sul,12856
4121901,Ribeirão do Pinhal,PR,Paraná,Sul,13158
4122008,Rio Azul,PR,Paraná,Sul,14174
4122107,Rio Bom,PR,Paraná,Sul,3214
4122156,Rio Bonito do Iguaçu,PR,Paraná,Sul,14297
4122172,Rio Branco do Ivaí,PR,Paraná,Sul,3841
4122206,Rio Branco do Sul,PR,Paraná,Sul,40308
4122305,Rio Negro,PR,Paraná,Sul,31951
4122404,Rolândia,PR,Paraná,Sul,75818
4122503,Roncador,PR,Paraná,Sul,11339
4122602,Rondon,PR,Paraná,Sul,9255
4122651,Rosário do Ivaí,PR,Paraná,Sul,5484
4122701,Sabáudia,PR,Paraná,Sul,9511
4122800,Salgado Filho,PR,Paraná,Sul,4090
4122909,Salto do Itararé,PR,Paraná,Sul,5214
4123006,Salto do Lontra,PR,Paraná,Sul,15706
4123105,Santa Amélia,PR,Paraná,Sul,3358
4123204,Santa Cecília do Pavão,PR,Paraná,Sul,3357
4123303,Santa Cruz de Monte Castelo,PR,Paraná,Sul,8840
4123402,Santa Fé,PR,Paraná,Sul,11730
4123501,Santa Helena,PR,Paraná,Sul,26461
4123600,Santa Inês,PR,Paraná,Sul,1745
4123709,Santa Isabel do Ivaí,PR,Paraná,Sul,9043
4123808,Santa Izabel do Oeste,PR,Paraná,Sul,14462
4123824,Santa Lúcia,PR,Paraná,Sul,3638
4123857,Santa Maria do Oeste,PR,Paraná,Sul,9869
4123907,Santa Mariana,PR,Paraná,Sul,10941
4123956,Santa Mônica,PR,Paraná,Sul,3361
4124004,Santana do Itararé,PR,Paraná,Sul,5646
4124020,Santa Tereza do Oeste,PR,Paraná,Sul,13938
4124053,Santa Terezinha de Itaipu,PR,Paraná,Sul,25300
4124103,Santo Antônio da Platina,PR,Paraná,Sul,45628
4124202,Santo Antônio do Caiuá,PR,Paraná,Sul,2474
4124301,Santo Antônio do Paraíso,PR,Paraná,Sul,2088
4124400,Santo Antônio do Sudoeste,PR,Paraná,Sul,24980
4124509,Santo Inácio,PR,Paraná,Sul,6463
4124608,São Carlos do Ivaí,PR,Paraná,Sul,6727
4124707,São Jerônimo da Serra,PR,Paraná,Sul,10884
4124806,São João,PR,Paraná,Sul,12297
4124905,São João do Caiuá,PR,Paraná,Sul,5607
4125001,São João do Ivaí,PR,Paraná,Sul,10639
4125100,São João do Triunfo,PR,Paraná,Sul,13899
4125209,São Jorge d'Oeste,PR,Paraná,Sul,9587
4125308,São Jorge do Ivaí,PR,Paraná,Sul,5170
4125357,São Jorge do Patrocínio,PR,Paraná,Sul,6690
4125407,São José da Boa Vista,PR,Paraná,Sul,6023
4125456,São José das Palmeiras,PR,Paraná,Sul,4031
4125506,São José dos Pinhais,PR,Paraná,Sul,349880
4125555,São Manoel do Paraná,PR,Paraná,Sul,2176
4125605,São Mateus do Sul,PR,Paraná,Sul,43490
4125704,São Miguel do Iguaçu,PR,Paraná,Sul,30416
4125753,São Pedro do Iguaçu,PR,Paraná,Sul,5730
4125803,São Pedro do Ivaí,PR,Paraná,Sul,8514
4125902,São Pedro do Paraná,PR,Paraná,Sul,2726
4126009,São Sebastião da Amoreira,PR,Paraná,Sul,8063
4126108,São Tomé,PR,Paraná,Sul,5282
4126207,Sapopema,PR,Paraná,Sul,6778
4126256,Sarandi,PR,Paraná,Sul,128106
4126272,Saudade do Iguaçu,PR,Paraná,Sul,6413
4126306,Sengés,PR,Paraná,Sul,17256
4126355,Serranópolis do Iguaçu,PR,Paraná,Sul,5161
4126405,Sertaneja,PR,Paraná,Sul,5654
4126504,Sertanópolis,PR,Paraná,Sul,16210
4126603,Siqueira Campos,PR,Paraná,Sul,24031
4126652,Sulina,PR,Paraná,Sul,3498
4126678,Tamarana,PR,Paraná,Sul,10540
4126702,Tamboara,PR,Paraná,Sul,4986
4126801,Tapejara,PR,Paraná,Sul,16326
4126900,Tapira,PR,Paraná,Sul,5807
4127007,Teixeira Soares,PR,Paraná,Sul,9540
4127106,Telêmaco Borba,PR,Paraná,Sul,77479
4127205,Terra Boa,PR,Paraná,Sul,18168
4127304,Terra Rica,PR,Paraná,Sul,14961
4127403,Terra Roxa,PR,Paraná,Sul,18636
4127502,Tibagi,PR,Paraná,Sul,20374
4127601,Tijucas do Sul,PR,Paraná,Sul,18458
4127700,Toledo,PR,Paraná,Sul,160701
4127809,Tomazina,PR,Paraná,Sul,8523
4127858,Três Barras do Paraná,PR,Paraná,Sul,11157
4127882,Tunas do Paraná,PR,Paraná,Sul,6304
4127908,Tuneiras do Oeste,PR,Paraná,Sul,8067
4127957,Tupãssi,PR,Paraná,Sul,8208
4127965,Turvo,PR,Paraná,Sul,14101
4128005,Ubiratã,PR,Paraná,Sul,25732
4128104,Umuarama,PR,Paraná,Sul,123059
4128203,União da Vitória,PR,Paraná,Sul,56560
4128302,Uniflor,PR,Paraná,Sul,2106
4128401,Uraí,PR,Paraná,Sul,10308
4128500,Wenceslau Braz,PR,Paraná,Sul,19398
4128534,Ventania,PR,Paraná,Sul,9760
4128559,Vera Cruz do Oeste,PR,Paraná,Sul,8178
4128609,Verê,PR,Paraná,Sul,8077
4128625,Alto Paraíso,PR,Paraná,Sul,3067
4128633,Doutor Ulysses,PR,Paraná,Sul,5744
4128658,Virmond,PR,Paraná,Sul,3828
4128708,Vitorino,PR,Paraná,Sul,10549
4128807,Xambrê,PR,Paraná,Sul,5835
4200051,Abdon Batista,SC,Santa Catarina,Sul,2629
4200101,Abelardo Luz,SC,Santa Catarina,Sul,17767
4200200,Agrolândia,SC,Santa Catarina,Sul,11646
4200309,Agronômica,SC,Santa Catarina,Sul,6511
4200408,Água Doce,SC,Santa Catarina,Sul,6587
4200507,Águas de Chapecó,SC,Santa Catarina,Sul,6123
4200556,Águas Frias,SC,Santa Catarina,Sul,3000
4200606,Águas Mornas,SC,Santa Catarina,Sul,7193
4200705,Alfredo Wagner,SC,Santa Catarina,Sul,10963
4200754,Alto Bela Vista,SC,Santa Catarina,Sul,1847
4200804,Anchieta,SC,Santa Catarina,Sul,5955
4200903,Angelina,SC,Santa Catarina,Sul,5484
4201000,Anita Garibaldi,SC,Santa Catarina,Sul,8339
4201109,Anitápolis,SC,Santa Catarina,Sul,3761
4201208,Antônio Carlos,SC,Santa Catarina,Sul,12464
4201257,Apiúna,SC,Santa Catarina,Sul,10041
4201273,Arabutã,SC,Santa Catarina,Sul,4505
4201307,Araquari,SC,Santa Catarina,Sul,52079
4201406,Araranguá,SC,Santa Catarina,Sul,76611
4201505,Armazém,SC,Santa Catarina,Sul,9289
4201604,Arroio Trinta,SC,Santa Catarina,Sul,3634
4201653,Arvoredo,SC,Santa Catarina,Sul,2623
4201703,Ascurra,SC,Santa Catarina,Sul,8720
4201802,Atalanta,SC,Santa Catarina,Sul,3265
4201901,Aurora,SC,Santa Catarina,Sul,7241
4201950,Balneário Arroio do Silva,SC,Santa Catarina,Sul,17786
4202008,Balneário Camboriú,SC,Santa Catarina,Sul,151674
4202057,Balneário Barra do Sul,SC,Santa Catarina,Sul,16953
4202073,Balneário Gaivota,SC,Santa Catarina,Sul,17986
4202081,Bandeirante,SC,Santa Catarina,Sul,3265
4202099,Barra Bonita,SC,Santa Catarina,Sul,1642
4202107,Barra Velha,SC,Santa Catarina,Sul,52860
4202131,Bela Vista do Toldo,SC,Santa Catarina,Sul,5939
4202156,Belmonte,SC,Santa Catarina,Sul,2712
4202206,Benedito Novo,SC,Santa Catarina,Sul,10757
4202305,Biguaçu,SC,Santa Catarina,Sul,83756
4202404,Blumenau,SC,Santa Catarina,Sul,385558
4202438,Bocaina do Sul,SC,Santa Catarina,Sul,3639
4202453,Bombinhas,SC,Santa Catarina,Sul,28738
4202503,Bom Jardim da Serra,SC,Santa Catarina,Sul,3995
4202537,Bom Jesus,SC,Santa Catarina,Sul,2896
4202578,Bom Jesus do Oeste,SC,Santa Catarina,Sul,2240
4202602,Bom Retiro,SC,Santa Catarina,Sul,8422
4202701,Botuverá,SC,Santa Catarina,Sul,5705
4202800,Braço do Norte,SC,Santa Catarina,Sul,35985
4202859,Braço do Trombudo,SC,Santa Catarina,Sul,4256
4202875,Brunópolis,SC,Santa Catarina,Sul,2433
4202909,Brusque,SC,Santa Catarina,Sul,155307
4203006,Caçador,SC,Santa Catarina,Sul,76298
4203105,Caibi,SC,Santa Catarina,Sul,6441
4203154,Calmon,SC,Santa Catarina,Sul,3519
4203204,Camboriú,SC,Santa Catarina,Sul,117324
4203253,Capão Alto,SC,Santa Catarina,Sul,2636
4203303,Campo Alegre,SC,Santa Catarina,Sul,12886
4203402,Campo Belo do Sul,SC,Santa Catarina,Sul,7324
4203501,Campo Erê,SC,Santa Catarina,Sul,9864
4203600,Campos Novos,SC,Santa Catarina,Sul,39049
4203709,Canelinha,SC,Santa Catarina,Sul,13618
4203808,Canoinhas,SC,Santa Catarina,Sul,56948
4203907,Capinzal,SC,Santa Catarina,Sul,24414
4203956,Capivari de Baixo,SC,Santa Catarina,Sul,25015
4204004,Catanduvas,SC,Santa Catarina,Sul,11033
4204103,Caxambu do Sul,SC,Santa Catarina,Sul,4752
4204152,Celso Ramos,SC,Santa Catarina,Sul,2864
4204178,Cerro Negro,SC,Santa Catarina,Sul,3303
4204194,Chapadão do Lageado,SC,Santa Catarina,Sul,3053
4204202,Chapecó,SC,Santa Catarina,Sul,282648
4204251,Cocal do Sul,SC,Santa Catarina,Sul,18106
4204301,Concórdia,SC,Santa Catarina,Sul,87206
4204350,Cordilheira Alta,SC,Santa Catarina,Sul,5192
4204400,Coronel Freitas,SC,Santa Catarina,Sul,10604
4204459,Coronel Martins,SC,Santa Catarina,Sul,1993
4204509,Corupá,SC,Santa Catarina,Sul,15912
4204558,Correia Pinto,SC,Santa Catarina,Sul,16253
4204608,Criciúma,SC,Santa Catarina,Sul,227438
4204707,Cunha Porã,SC,Santa Catarina,Sul,11242
4204756,Cunhataí,SC,Santa Catarina,Sul,2026
4204806,Curitibanos,SC,Santa Catarina,Sul,41741
4204905,Descanso,SC,Santa Catarina,Sul,8652
4205001,Dionísio Cerqueira,SC,Santa Catarina,Sul,15316
4205100,Dona Emma,SC,Santa Catarina,Sul,4435
4205159,Doutor Pedrinho,SC,Santa Catarina,Sul,3729
4205175,Entre Rios,SC,Santa Catarina,Sul,3561
4205191,Ermo,SC,Santa Catarina,Sul,2354
4205209,Erval Velho,SC,Santa Catarina,Sul,5137
4205308,Faxinal dos Guedes,SC,Santa Catarina,Sul,11537
4205357,Flor do Sertão,SC,Santa Catarina,Sul,1868
4205407,Florianópolis,SC,Santa Catarina,Sul,587486
4205431,Formosa do Sul,SC,Santa Catarina,Sul,2752
4205456,Forquilhinha,SC,Santa Catarina,Sul,34771
4205506,Fraiburgo,SC,Santa Catarina,Sul,34065
4205555,Frei Rogério,SC,Santa Catarina,Sul,2437
4205605,Galvão,SC,Santa Catarina,Sul,3168
4205704,Garopaba,SC,Santa Catarina,Sul,34070
4205803,Garuva,SC,Santa Catarina,Sul,19970
4205902,Gaspar,SC,Santa Catarina,Sul,78344
4206009,Governador Celso Ramos,SC,Santa Catarina,Sul,18280
4206108,Grão-Pará,SC,Santa Catarina,Sul,6403
4206207,Gravatal,SC,Santa Catarina,Sul,13158
4206306,Guabiruba,SC,Santa Catarina,Sul,26645
4206405,Guaraciaba,SC,Santa Catarina,Sul,11071
4206504,Guaramirim,SC,Santa Catarina,Sul,51009
4206603,Guarujá do Sul,SC,Santa Catarina,Sul,4893
4206652,Guatambú,SC,Santa Catarina,Sul,9611
4206702,Herval d'Oeste,SC,Santa Catarina,Sul,22222
4206751,Ibiam,SC,Santa Catarina,Sul,2061
4206801,Ibicaré,SC,Santa Catarina,Sul,3295
4206900,Ibirama,SC,Santa Catarina,Sul,20900
4207007,Içara,SC,Santa Catarina,Sul,63489
4207106,Ilhota,SC,Santa Catarina,Sul,18627
4207205,Imaruí,SC,Santa Catarina,Sul,12150
4207304,Imbituba,SC,Santa Catarina,Sul,57256
4207403,Imbuia,SC,Santa Catarina,Sul,6166
4207502,Indaial,SC,Santa Catarina,Sul,77888
4207577,Iomerê,SC,Santa Catarina,Sul,2967
4207601,Ipira,SC,Santa Catarina,Sul,4622
4207650,Iporã do Oeste,SC,Santa Catarina,Sul,9759
4207684,Ipuaçu,SC,Santa Catarina,Sul,8133
4207700,Ipumirim,SC,Santa Catarina,Sul,8121
4207759,Iraceminha,SC,Santa Catarina,Sul,3981
4207809,Irani,SC,Santa Catarina,Sul,10560
4207858,Irati,SC,Santa Catarina,Sul,2098
4207908,Irineópolis,SC,Santa Catarina,Sul,10427
4208005,Itá,SC,Santa Catarina,Sul,7370
4208104,Itaiópolis,SC,Santa Catarina,Sul,22906
4208203,Itajaí,SC,Santa Catarina,Sul,294850
4208302,Itapema,SC,Santa Catarina,Sul,86116
4208401,Itapiranga,SC,Santa Catarina,Sul,17268
4208450,Itapoá,SC,Santa Catarina,Sul,36033
4208500,Ituporanga,SC,Santa Catarina,Sul,28461
4208609,Jaborá,SC,Santa Catarina,Sul,4461
4208708,Jacinto Machado,SC,Santa Catarina,Sul,10818
4208807,Jaguaruna,SC,Santa Catarina,Sul,21570
4208906,Jaraguá do Sul,SC,Santa Catarina,Sul,199519
4208955,Jardinópolis,SC,Santa Catarina,Sul,1810
4209003,Joaçaba,SC,Santa Catarina,Sul,31809
4209102,Joinville,SC,Santa Catarina,Sul,664541
4209151,José Boiteux,SC,Santa Catarina,Sul,6415
4209177,Jupiá,SC,Santa Catarina,Sul,2713
4209201,Lacerdópolis,SC,Santa Catarina,Sul,2302
4209300,Lages,SC,Santa Catarina,Sul,172458
4209409,Laguna,SC,Santa Catarina,Sul,44060
4209458,Lajeado Grande,SC,Santa Catarina,Sul,1791
4209508,Laurentino,SC,Santa Catarina,Sul,8605
4209607,Lauro Müller,SC,Santa Catarina,Sul,14628
4209706,Lebon Régis,SC,Santa Catarina,Sul,11575
4209805,Leoberto Leal,SC,Santa Catarina,Sul,3379
4209854,Lindóia do Sul,SC,Santa Catarina,Sul,4604
4209904,Lontras,SC,Santa Catarina,Sul,13829
4210001,Luiz Alves,SC,Santa Catarina,Sul,12246
4210035,Luzerna,SC,Santa Catarina,Sul,5951
4210050,Macieira,SC,Santa Catarina,Sul,1796
4210100,Mafra,SC,Santa Catarina,Sul,57262
4210209,Major Gercino,SC,Santa Catarina,Sul,3253
4210308,Major Vieira,SC,Santa Catarina,Sul,7543
4210407,Maracajá,SC,Santa Catarina,Sul,8344
4210506,Maravilha,SC,Santa Catarina,Sul,30743
4210555,Marema,SC,Santa Catarina,Sul,2218
4210605,Massaranduba,SC,Santa Catarina,Sul,18122
4210704,Matos Costa,SC,Santa Catarina,Sul,2789
4210803,Meleiro,SC,Santa Catarina,Sul,7128
4210852,Mirim Doce,SC,Santa Catarina,Sul,2554
4210902,Modelo,SC,Santa Catarina,Sul,4159
4211009,Mondaí,SC,Santa Catarina,Sul,10206
4211058,Monte Carlo,SC,Santa Catarina,Sul,9218
4211108,Monte Castelo,SC,Santa Catarina,Sul,7747
4211207,Morro da Fumaça,SC,Santa Catarina,Sul,19490
4211256,Morro Grande,SC,Santa Catarina,Sul,3097
4211306,Navegantes,SC,Santa Catarina,Sul,96046
4211405,Nova Erechim,SC,Santa Catarina,Sul,5490
4211454,Nova Itaberaba,SC,Santa Catarina,Sul,4672
4211504,Nova Trento,SC,Santa Catarina,Sul,14395
4211603,Nova Veneza,SC,Santa Catarina,Sul,14004
4211652,Novo Horizonte,SC,Santa Catarina,Sul,2661
4211702,Orleans,SC,Santa Catarina,Sul,24686
4211751,Otacílio Costa,SC,Santa Catarina,Sul,17873
4211801,Ouro,SC,Santa Catarina,Sul,7062
4211850,Ouro Verde,SC,Santa Catarina,Sul,2195
4211876,Paial,SC,Santa Catarina,Sul,2007
4211892,Painel,SC,Santa Catarina,Sul,2216
4211900,Palhoça,SC,Santa Catarina,Sul,253469
4212007,Palma Sola,SC,Santa Catarina,Sul,7696
4212056,Palmeira,SC,Santa Catarina,Sul,2658
4212106,Palmitos,SC,Santa Catarina,Sul,15781
4212205,Papanduva,SC,Santa Catarina,Sul,19769
4212239,Paraíso,SC,Santa Catarina,Sul,4394
4212254,Passo de Torres,SC,Santa Catarina,Sul,14859
4212270,Passos Maia,SC,Santa Catarina,Sul,3997
4212304,Paulo Lopes,SC,Santa Catarina,Sul,9879
4212403,Pedras Grandes,SC,Santa Catarina,Sul,4355
4212502,Penha,SC,Santa Catarina,Sul,36995
4212601,Peritiba,SC,Santa Catarina,Sul,3040
4212650,Pescaria Brava,SC,Santa Catarina,Sul,10615
4212700,Petrolândia,SC,Santa Catarina,Sul,6996
4212809,Balneário Piçarras,SC,Santa Catarina,Sul,30593
4212908,Pinhalzinho,SC,Santa Catarina,Sul,23897
4213005,Pinheiro Preto,SC,Santa Catarina,Sul,3631
4213104,Piratuba,SC,Santa Catarina,Sul,6144
4213153,Planalto Alegre,SC,Santa Catarina,Sul,3081
4213203,Pomerode,SC,Santa Catarina,Sul,37003
4213302,Ponte Alta,SC,Santa Catarina,Sul,4390
4213351,Ponte Alta do Norte,SC,Santa Catarina,Sul,3241
4213401,Ponte Serrada,SC,Santa Catarina,Sul,10732
4213500,Porto Belo,SC,Santa Catarina,Sul,31557
4213609,Porto União,SC,Santa Catarina,Sul,33694
4213708,Pouso Redondo,SC,Santa Catarina,Sul,18051
4213807,Praia Grande,SC,Santa Catarina,Sul,8696
4213906,Presidente Castello Branco,SC,Santa Catarina,Sul,1707
4214003,Presidente Getúlio,SC,Santa Catarina,Sul,21764
4214102,Presidente Nereu,SC,Santa Catarina,Sul,2347
4214151,Princesa,SC,Santa Catarina,Sul,3073
4214201,Quilombo,SC,Santa Catarina,Sul,11433
4214300,Rancho Queimado,SC,Santa Catarina,Sul,3484
4214409,Rio das Antas,SC,Santa Catarina,Sul,6399
4214508,Rio do Campo,SC,Santa Catarina,Sul,6638
4214607,Rio do Oeste,SC,Santa Catarina,Sul,8071
4214706,Rio dos Cedros,SC,Santa Catarina,Sul,11218
4214805,Rio do Sul,SC,Santa Catarina,Sul,77451
4214904,Rio Fortuna,SC,Santa Catarina,Sul,5044
4215000,Rio Negrinho,SC,Santa Catarina,Sul,40132
4215059,Rio Rufino,SC,Santa Catarina,Sul,2429
4215075,Riqueza,SC,Santa Catarina,Sul,4828
4215109,Rodeio,SC,Santa Catarina,Sul,13491
4215208,Romelândia,SC,Santa Catarina,Sul,4684
4215307,Salete,SC,Santa Catarina,Sul,7656
4215356,Saltinho,SC,Santa Catarina,Sul,3604
4215406,Salto Veloso,SC,Santa Catarina,Sul,4495
4215455,Sangão,SC,Santa Catarina,Sul,13797
4215505,Santa Cecília,SC,Santa Catarina,Sul,15749
4215554,Santa Helena,SC,Santa Catarina,Sul,2476
4215604,Santa Rosa de Lima,SC,Santa Catarina,Sul,2131
4215653,Santa Rosa do Sul,SC,Santa Catarina,Sul,10450
4215679,Santa Terezinha,SC,Santa Catarina,Sul,8015
4215687,Santa Terezinha do Progresso,SC,Santa Catarina,Sul,2534
4215695,Santiago do Sul,SC,Santa Catarina,Sul,1732
4215703,Santo Amaro da Imperatriz,SC,Santa Catarina,Sul,30099
4215752,São Bernardino,SC,Santa Catarina,Sul,2715
4215802,São Bento do Sul,SC,Santa Catarina,Sul,87661
4215901,São Bonifácio,SC,Santa Catarina,Sul,2982
4216008,São Carlos,SC,Santa Catarina,Sul,10462
4216057,São Cristóvão do Sul,SC,Santa Catarina,Sul,6489
4216107,São Domingos,SC,Santa Catarina,Sul,9343
4216206,São Francisco do Sul,SC,Santa Catarina,Sul,56726
4216255,São João do Oeste,SC,Santa Catarina,Sul,6467
4216305,São João Batista,SC,Santa Catarina,Sul,35336
4216354,São João do Itaperiú,SC,Santa Catarina,Sul,4827
4216404,São João do Sul,SC,Santa Catarina,Sul,9278
4216503,São Joaquim,SC,Santa Catarina,Sul,26982
4216602,São José,SC,Santa Catarina,Sul,295658
4216701,São José do Cedro,SC,Santa Catarina,Sul,14538
4216800,São José do Cerrito,SC,Santa Catarina,Sul,8706
4216909,São Lourenço do Oeste,SC,Santa Catarina,Sul,26056
4217006,São Ludgero,SC,Santa Catarina,Sul,14444
4217105,São Martinho,SC,Santa Catarina,Sul,3520
4217154,São Miguel da Boa Vista,SC,Santa Catarina,Sul,1777
4217204,São Miguel do Oeste,SC,Santa Catarina,Sul,47724
4217253,São Pedro de Alcântara,SC,Santa Catarina,Sul,6175
4217303,Saudades,SC,Santa Catarina,Sul,10799
4217402,Schroeder,SC,Santa Catarina,Sul,21710
4217501,Seara,SC,Santa Catarina,Sul,19399
4217550,Serra Alta,SC,Santa Catarina,Sul,3370
4217600,Siderópolis,SC,Santa Catarina,Sul,14156
4217709,Sombrio,SC,Santa Catarina,Sul,31722
4217758,Sul Brasil,SC,Santa Catarina,Sul,2900
4217808,Taió,SC,Santa Catarina,Sul,18909
4217907,Tangará,SC,Santa Catarina,Sul,8144
4217956,Tigrinhos,SC,Santa Catarina,Sul,2535
4218004,Tijucas,SC,Santa Catarina,Sul,58695
4218103,Timbé do Sul,SC,Santa Catarina,Sul,5503
4218202,Timbó,SC,Santa Catarina,Sul,49768
4218251,Timbó Grande,SC,Santa Catarina,Sul,7521
4218301,Três Barras,SC,Santa Catarina,Sul,20525
4218350,Treviso,SC,Santa Catarina,Sul,3920
4218400,Treze de Maio,SC,Santa Catarina,Sul,7633
4218509,Treze Tílias,SC,Santa Catarina,Sul,9531
4218608,Trombudo Central,SC,Santa Catarina,Sul,7599
4218707,Tubarão,SC,Santa Catarina,Sul,116725
4218756,Tunápolis,SC,Santa Catarina,Sul,5081
4218806,Turvo,SC,Santa Catarina,Sul,13604
4218855,União do Oeste,SC,Santa Catarina,Sul,2791
4218905,Urubici,SC,Santa Catarina,Sul,11064
4218954,Urupema,SC,Santa Catarina,Sul,2751
4219002,Urussanga,SC,Santa Catarina,Sul,21464
4219101,Vargeão,SC,Santa Catarina,Sul,3726
4219150,Vargem,SC,Santa Catarina,Sul,2613
4219176,Vargem Bonita,SC,Santa Catarina,Sul,4597
4219200,Vidal Ramos,SC,Santa Catarina,Sul,6266
4219309,Videira,SC,Santa Catarina,Sul,59074
4219358,Vitor Meireles,SC,Santa Catarina,Sul,5507
4219408,Witmarsum,SC,Santa Catarina,Sul,4513
4219507,Xanxerê,SC,Santa Catarina,Sul,54891
4219606,Xavantina,SC,Santa Catarina,Sul,3583
4219705,Xaxim,SC,Santa Catarina,Sul,34485
4219853,Zortéa,SC,Santa Catarina,Sul,4257
4220000,Balneário Rincão,SC,Santa Catarina,Sul,17697
4300034,Aceguá,RS,Rio Grande do Sul,Sul,4251
4300059,Água Santa,RS,Rio Grande do Sul,Sul,4003
4300109,Agudo,RS,Rio Grande do Sul,Sul,16341
4300208,Ajuricaba,RS,Rio Grande do Sul,Sul,6843
4300307,Alecrim,RS,Rio Grande do Sul,Sul,6219
4300406,Alegrete,RS,Rio Grande do Sul,Sul,74285
4300455,Alegria,RS,Rio Grande do Sul,Sul,3705
4300471,Almirante Tamandaré do Sul,RS,Rio Grande do Sul,Sul,2007
4300505,Alpestre,RS,Rio Grande do Sul,Sul,7235
4300554,Alto Alegre,RS,Rio Grande do Sul,Sul,1837
4300570,Alto Feliz,RS,Rio Grande do Sul,Sul,3145
4300604,Alvorada,RS,Rio Grande do Sul,Sul,194062
4300638,Amaral Ferrador,RS,Rio Grande do Sul,Sul,5384
4300646,Ametista do Sul,RS,Rio Grande do Sul,Sul,7826
4300661,André da Rocha,RS,Rio Grande do Sul,Sul,1156
4300703,Anta Gorda,RS,Rio Grande do Sul,Sul,6080
4300802,Antônio Prado,RS,Rio Grande do Sul,Sul,13332
4300851,Arambaré,RS,Rio Grande do Sul,Sul,4215
4300877,Araricá,RS,Rio Grande do Sul,Sul,8831
4300901,Aratiba,RS,Rio Grande do Sul,Sul,6618
4301008,Arroio do Meio,RS,Rio Grande do Sul,Sul,22523
4301057,Arroio do Sal,RS,Rio Grande do Sul,Sul,11418
4301073,Arroio do Padre,RS,Rio Grande do Sul,Sul,2650
4301107,Arroio dos Ratos,RS,Rio Grande do Sul,Sul,14934
4301206,Arroio do Tigre,RS,Rio Grande do Sul,Sul,12291
4301305,Arroio Grande,RS,Rio Grande do Sul,Sul,17879
4301404,Arvorezinha,RS,Rio Grande do Sul,Sul,10547
4301503,Augusto Pestana,RS,Rio Grande do Sul,Sul,7303
4301552,Áurea,RS,Rio Grande do Sul,Sul,3458
4301602,Bagé,RS,Rio Grande do Sul,Sul,121928
4301636,Balneário Pinhal,RS,Rio Grande do Sul,Sul,15413
4301651,Barão,RS,Rio Grande do Sul,Sul,6496
4301701,Barão de Cotegipe,RS,Rio Grande do Sul,Sul,7320
4301750,Barão do Triunfo,RS,Rio Grande do Sul,Sul,5972
4301800,Barracão,RS,Rio Grande do Sul,Sul,4915
4301859,Barra do Guarita,RS,Rio Grande do Sul,Sul,3231
4301875,Barra do Quaraí,RS,Rio Grande do Sul,Sul,4340
4301909,Barra do Ribeiro,RS,Rio Grande do Sul,Sul,12473
4301925,Barra do Rio Azul,RS,Rio Grande do Sul,Sul,1721
4301958,Barra Funda,RS,Rio Grande do Sul,Sul,2557
4302006,Barros Cassal,RS,Rio Grande do Sul,Sul,9425
4302055,Benjamin Constant do Sul,RS,Rio Grande do Sul,Sul,2118
4302105,Bento Gonçalves,RS,Rio Grande do Sul,Sul,127977
4302154,Boa Vista das Missões,RS,Rio Grande do Sul,Sul,1968
4302204,Boa Vista do Buricá,RS,Rio Grande do Sul,Sul,7129
4302220,Boa Vista do Cadeado,RS,Rio Grande do Sul,Sul,2269
4302238,Boa Vista do Incra,RS,Rio Grande do Sul,Sul,2314
4302253,Boa Vista do Sul,RS,Rio Grande do Sul,Sul,2815
4302303,Bom Jesus,RS,Rio Grande do Sul,Sul,11429
4302352,Bom Princípio,RS,Rio Grande do Sul,Sul,13665
4302378,Bom Progresso,RS,Rio Grande do Sul,Sul,2132
4302402,Bom Retiro do Sul,RS,Rio Grande do Sul,Sul,12587
4302451,Boqueirão do Leão,RS,Rio Grande do Sul,Sul,6202
4302501,Bossoroca,RS,Rio Grande do Sul,Sul,5978
4302584,Bozano,RS,Rio Grande do Sul,Sul,2195
4302600,Braga,RS,Rio Grande do Sul,Sul,3322
4302659,Brochier,RS,Rio Grande do Sul,Sul,5083
4302709,Butiá,RS,Rio Grande do Sul,Sul,19421
4302808,Caçapava do Sul,RS,Rio Grande do Sul,Sul,33501
4302907,Cacequi,RS,Rio Grande do Sul,Sul,11300
4303004,Cachoeira do Sul,RS,Rio Grande do Sul,Sul,82222
4303103,Cachoeirinha,RS,Rio Grande do Sul,Sul,141503
4303202,Cacique Doble,RS,Rio Grande do Sul,Sul,4692
4303301,Caibaté,RS,Rio Grande do Sul,Sul,4795
4303400,Caiçara,RS,Rio Grande do Sul,Sul,4931
4303509,Camaquã,RS,Rio Grande do Sul,Sul,63961
4303558,Camargo,RS,Rio Grande do Sul,Sul,3060
4303608,Cambará do Sul,RS,Rio Grande do Sul,Sul,6490
4303673,Campestre da Serra,RS,Rio Grande do Sul,Sul,3311
4303707,Campina das Missões,RS,Rio Grande do Sul,Sul,5999
4303806,Campinas do Sul,RS,Rio Grande do Sul,Sul,5388
4303905,Campo Bom,RS,Rio Grande do Sul,Sul,64719
4304002,Campo Novo,RS,Rio Grande do Sul,Sul,5063
4304101,Campos Borges,RS,Rio Grande do Sul,Sul,3695
4304200,Candelária,RS,Rio Grande do Sul,Sul,29775
4304309,Cândido Godói,RS,Rio Grande do Sul,Sul,6419
4304358,Candiota,RS,Rio Grande do Sul,Sul,11012
4304408,Canela,RS,Rio Grande do Sul,Sul,50715
4304507,Canguçu,RS,Rio Grande do Sul,Sul,50968
4304606,Canoas,RS,Rio Grande do Sul,Sul,359840
4304614,Canudos do Vale,RS,Rio Grande do Sul,Sul,1686
4304622,Capão Bonito do Sul,RS,Rio Grande do Sul,Sul,1769
4304630,Capão da Canoa,RS,Rio Grande do Sul,Sul,66234
4304655,Capão do Cipó,RS,Rio Grande do Sul,Sul,3187
4304663,Capão do Leão,RS,Rio Grande do Sul,Sul,27416
4304671,Capivari do Sul,RS,Rio Grande do Sul,Sul,4080
4304689,Capela de Santana,RS,Rio Grande do Sul,Sul,11424
4304697,Capitão,RS,Rio Grande do Sul,Sul,2994
4304705,Carazinho,RS,Rio Grande do Sul,Sul,63670
4304713,Caraá,RS,Rio Grande do Sul,Sul,7555
4304804,Carlos Barbosa,RS,Rio Grande do Sul,Sul,31585
4304853,Carlos Gomes,RS,Rio Grande do Sul,Sul,1384
4304903,Casca,RS,Rio Grande do Sul,Sul,9698
4304952,Caseiros,RS,Rio Grande do Sul,Sul,3064
4305009,Catuípe,RS,Rio Grande do Sul,Sul,8834
4305108,Caxias do Sul,RS,Rio Grande do Sul,Sul,479599
4305116,Centenário,RS,Rio Grande do Sul,Sul,2777
4305124,Cerrito,RS,Rio Grande do Sul,Sul,5910
4305132,Cerro Branco,RS,Rio Grande do Sul,Sul,3859
4305157,Cerro Grande,RS,Rio Grande do Sul,Sul,2428
4305173,Cerro Grande do Sul,RS,Rio Grande do Sul,Sul,9333
4305207,Cerro Largo,RS,Rio Grande do Sul,Sul,14014
4305306,Chapada,RS,Rio Grande do Sul,Sul,9751
4305355,Charqueadas,RS,Rio Grande do Sul,Sul,36110
4305371,Charrua,RS,Rio Grande do Sul,Sul,2800
4305405,Chiapetta,RS,Rio Grande do Sul,Sul,3991
4305439,Chuí,RS,Rio Grande do Sul,Sul,6409
4305447,Chuvisca,RS,Rio Grande do Sul,Sul,4682
4305454,Cidreira,RS,Rio Grande do Sul,Sul,17583
4305504,Ciríaco,RS,Rio Grande do Sul,Sul,4208
4305587,Colinas,RS,Rio Grande do Sul,Sul,2474
4305603,Colorado,RS,Rio Grande do Sul,Sul,3316
4305702,Condor,RS,Rio Grande do Sul,Sul,6538
4305801,Constantina,RS,Rio Grande do Sul,Sul,10631
4305835,Coqueiro Baixo,RS,Rio Grande do Sul,Sul,1308
4305850,Coqueiros do Sul,RS,Rio Grande do Sul,Sul,2248
4305871,Coronel Barros,RS,Rio Grande do Sul,Sul,2896
4305900,Coronel Bicaco,RS,Rio Grande do Sul,Sul,6214
4305934,Coronel Pilar,RS,Rio Grande do Sul,Sul,1637
4305959,Cotiporã,RS,Rio Grande do Sul,Sul,3926
4305975,Coxilha,RS,Rio Grande do Sul,Sul,2718
4306007,Crissiumal,RS,Rio Grande do Sul,Sul,13116
4306056,Cristal,RS,Rio Grande do Sul,Sul,7455
4306072,Cristal do Sul,RS,Rio Grande do Sul,Sul,2745
4306106,Cruz Alta,RS,Rio Grande do Sul,Sul,60454
4306130,Cruzaltense,RS,Rio Grande do Sul,Sul,1650
4306205,Cruzeiro do Sul,RS,Rio Grande do Sul,Sul,12574
4306304,David Canabarro,RS,Rio Grande do Sul,Sul,4400
4306320,Derrubadas,RS,Rio Grande do Sul,Sul,2793
4306353,Dezesseis de Novembro,RS,Rio Grande do Sul,Sul,2540
4306379,Dilermando de Aguiar,RS,Rio Grande do Sul,Sul,2856
4306403,Dois Irmãos,RS,Rio Grande do Sul,Sul,31804
4306429,Dois Irmãos das Missões,RS,Rio Grande do Sul,Sul,2132
4306452,Dois Lajeados,RS,Rio Grande do Sul,Sul,3156
4306502,Dom Feliciano,RS,Rio Grande do Sul,Sul,13280
4306551,Dom Pedro de Alcântara,RS,Rio Grande do Sul,Sul,2617
4306601,Dom Pedrito,RS,Rio Grande do Sul,Sul,38080
4306700,Dona Francisca,RS,Rio Grande do Sul,Sul,3133
4306734,Doutor Maurício Cardoso,RS,Rio Grande do Sul,Sul,4534
4306759,Doutor Ricardo,RS,Rio Grande do Sul,Sul,1924
4306767,Eldorado do Sul,RS,Rio Grande do Sul,Sul,41012
4306809,Encantado,RS,Rio Grande do Sul,Sul,23520
4306908,Encruzilhada do Sul,RS,Rio Grande do Sul,Sul,24275
4306924,Engenho Velho,RS,Rio Grande do Sul,Sul,1315
4306932,Entre-Ijuís,RS,Rio Grande do Sul,Sul,9367
4306957,Entre Rios do Sul,RS,Rio Grande do Sul,Sul,2727
4306973,Erebango,RS,Rio Grande do Sul,Sul,3122
4307005,Erechim,RS,Rio Grande do Sul,Sul,109609
4307054,Ernestina,RS,Rio Grande do Sul,Sul,3097
4307104,Herval,RS,Rio Grande do Sul,Sul,6302
4307203,Erval Grande,RS,Rio Grande do Sul,Sul,5027
4307302,Erval Seco,RS,Rio Grande do Sul,Sul,6892
4307401,Esmeralda,RS,Rio Grande do Sul,Sul,3264
4307450,Esperança do Sul,RS,Rio Grande do Sul,Sul,3293
4307500,Espumoso,RS,Rio Grande do Sul,Sul,15478
4307559,Estação,RS,Rio Grande do Sul,Sul,5685
4307609,Estância Velha,RS,Rio Grande do Sul,Sul,49499
4307708,Esteio,RS,Rio Grande do Sul,Sul,78144
4307807,Estrela,RS,Rio Grande do Sul,Sul,33263
4307815,Estrela Velha,RS,Rio Grande do Sul,Sul,3115
4307831,Eugênio de Castro,RS,Rio Grande do Sul,Sul,2683
4307864,Fagundes Varela,RS,Rio Grande do Sul,Sul,2620
4307906,Farroupilha,RS,Rio Grande do Sul,Sul,72552
4308003,Faxinal do Soturno,RS,Rio Grande do Sul,Sul,6846
4308052,Faxinalzinho,RS,Rio Grande do Sul,Sul,2572
4308078,Fazenda Vilanova,RS,Rio Grande do Sul,Sul,4405
4308102,Feliz,RS,Rio Grande do Sul,Sul,13994
4308201,Flores da Cunha,RS,Rio Grande do Sul,Sul,32015
4308250,Floriano Peixoto,RS,Rio Grande do Sul,Sul,1690
4308300,Fontoura Xavier,RS,Rio Grande do Sul,Sul,9710
4308409,Formigueiro,RS,Rio Grande do Sul,Sul,6527
4308433,Forquetinha,RS,Rio Grande do Sul,Sul,2441
4308458,Fortaleza dos Valos,RS,Rio Grande do Sul,Sul,4569
4308508,Frederico Westphalen,RS,Rio Grande do Sul,Sul,33726
4308607,Garibaldi,RS,Rio Grande do Sul,Sul,35563
4308656,Garruchos,RS,Rio Grande do Sul,Sul,2724
4308706,Gaurama,RS,Rio Grande do Sul,Sul,5779
4308805,General Câmara,RS,Rio Grande do Sul,Sul,7743
4308854,Gentil,RS,Rio Grande do Sul,Sul,1784
4308904,Getúlio Vargas,RS,Rio Grande do Sul,Sul,16955
4309001,Giruá,RS,Rio Grande do Sul,Sul,16273
4309050,Glorinha,RS,Rio Grande do Sul,Sul,7851
4309100,Gramado,RS,Rio Grande do Sul,Sul,41705
4309126,Gramado dos Loureiros,RS,Rio Grande do Sul,Sul,2047
4309159,Gramado Xavier,RS,Rio Grande do Sul,Sul,3350
4309209,Gravataí,RS,Rio Grande do Sul,Sul,275430
4309258,Guabiju,RS,Rio Grande do Sul,Sul,1441
4309308,Guaíba,RS,Rio Grande do Sul,Sul,95946
4309407,Guaporé,RS,Rio Grande do Sul,Sul,26168
4309506,Guarani das Missões,RS,Rio Grande do Sul,Sul,7547
4309555,Harmonia,RS,Rio Grande do Sul,Sul,5535
4309571,Herveiras,RS,Rio Grande do Sul,Sul,2604
4309605,Horizontina,RS,Rio Grande do Sul,Sul,19252
4309654,Hulha Negra,RS,Rio Grande do Sul,Sul,6102
4309704,Humaitá,RS,Rio Grande do Sul,Sul,4772
4309753,Ibarama,RS,Rio Grande do Sul,Sul,3787
4309803,Ibiaçá,RS,Rio Grande do Sul,Sul,4617
4309902,Ibiraiaras,RS,Rio Grande do Sul,Sul,6827
4309951,Ibirapuitã,RS,Rio Grande do Sul,Sul,3789
4310009,Ibirubá,RS,Rio Grande do Sul,Sul,22106
4310108,Igrejinha,RS,Rio Grande do Sul,Sul,34776
4310207,Ijuí,RS,Rio Grande do Sul,Sul,87848
4310306,Ilópolis,RS,Rio Grande do Sul,Sul,4245
4310330,Imbé,RS,Rio Grande do Sul,Sul,28027
4310363,Imigrante,RS,Rio Grande do Sul,Sul,3149
4310405,Independência,RS,Rio Grande do Sul,Sul,6557
4310413,Inhacorá,RS,Rio Grande do Sul,Sul,2047
4310439,Ipê,RS,Rio Grande do Sul,Sul,5490
4310462,Ipiranga do Sul,RS,Rio Grande do Sul,Sul,1748
4310504,Iraí,RS,Rio Grande do Sul,Sul,7619
4310538,Itaara,RS,Rio Grande do Sul,Sul,5712
4310553,Itacurubi,RS,Rio Grande do Sul,Sul,3038
4310579,Itapuca,RS,Rio Grande do Sul,Sul,1963
4310603,Itaqui,RS,Rio Grande do Sul,Sul,36811
4310652,Itati,RS,Rio Grande do Sul,Sul,2696
4310702,Itatiba do Sul,RS,Rio Grande do Sul,Sul,3240
4310751,Ivorá,RS,Rio Grande do Sul,Sul,1962
4310801,Ivoti,RS,Rio Grande do Sul,Sul,23566
4310850,Jaboticaba,RS,Rio Grande do Sul,Sul,3847
4310876,Jacuizinho,RS,Rio Grande do Sul,Sul,2066
4310900,Jacutinga,RS,Rio Grande do Sul,Sul,3398
4311007,Jaguarão,RS,Rio Grande do Sul,Sul,27396
4311106,Jaguari,RS,Rio Grande do Sul,Sul,10771
4311122,Jaquirana,RS,Rio Grande do Sul,Sul,3751
4311130,Jari,RS,Rio Grande do Sul,Sul,3412
4311155,Jóia,RS,Rio Grande do Sul,Sul,7294
4311205,Júlio de Castilhos,RS,Rio Grande do Sul,Sul,18545
4311239,Lagoa Bonita do Sul,RS,Rio Grande do Sul,Sul,2283
4311254,Lagoão,RS,Rio Grande do Sul,Sul,5421
4311270,Lagoa dos Três Cantos,RS,Rio Grande do Sul,Sul,1781
4311304,Lagoa Vermelha,RS,Rio Grande do Sul,Sul,28622
4311403,Lajeado,RS,Rio Grande do Sul,Sul,96879
4311429,Lajeado do Bugre,RS,Rio Grande do Sul,Sul,2661
4311502,Lavras do Sul,RS,Rio Grande do Sul,Sul,7290
4311601,Liberato Salzano,RS,Rio Grande do Sul,Sul,4845
4311627,Lindolfo Collor,RS,Rio Grande do Sul,Sul,6420
4311643,Linha Nova,RS,Rio Grande do Sul,Sul,1721
4311700,Machadinho,RS,Rio Grande do Sul,Sul,5867
4311718,Maçambará,RS,Rio Grande do Sul,Sul,4485
4311734,Mampituba,RS,Rio Grande do Sul,Sul,3203
4311759,Manoel Viana,RS,Rio Grande do Sul,Sul,6915
4311775,Maquiné,RS,Rio Grande do Sul,Sul,7593
4311791,Maratá,RS,Rio Grande do Sul,Sul,2521
4311809,Marau,RS,Rio Grande do Sul,Sul,46748
4311908,Marcelino Ramos,RS,Rio Grande do Sul,Sul,4382
4311981,Mariana Pimentel,RS,Rio Grande do Sul,Sul,4005
4312005,Mariano Moro,RS,Rio Grande do Sul,Sul,1884
4312054,Marques de Souza,RS,Rio Grande do Sul,Sul,4050
4312104,Mata,RS,Rio Grande do Sul,Sul,4782
4312138,Mato Castelhano,RS,Rio Grande do Sul,Sul,2611
4312153,Mato Leitão,RS,Rio Grande do Sul,Sul,5001
4312179,Mato Queimado,RS,Rio Grande do Sul,Sul,1833
4312203,Maximiliano de Almeida,RS,Rio Grande do Sul,Sul,4251
4312252,Minas do Leão,RS,Rio Grande do Sul,Sul,7661
4312302,Miraguaí,RS,Rio Grande do Sul,Sul,4501
4312351,Montauri,RS,Rio Grande do Sul,Sul,1530
4312377,Monte Alegre dos Campos,RS,Rio Grande do Sul,Sul,3251
4312385,Monte Belo do Sul,RS,Rio Grande do Sul,Sul,2608
4312401,Montenegro,RS,Rio Grande do Sul,Sul,66352
4312427,Mormaço,RS,Rio Grande do Sul,Sul,2815
4312443,Morrinhos do Sul,RS,Rio Grande do Sul,Sul,3133
4312450,Morro Redondo,RS,Rio Grande do Sul,Sul,6168
4312476,Morro Reuter,RS,Rio Grande do Sul,Sul,6167
4312500,Mostardas,RS,Rio Grande do Sul,Sul,12347
4312609,Muçum,RS,Rio Grande do Sul,Sul,4692
4312617,Muitos Capões,RS,Rio Grande do Sul,Sul,2937
4312625,Muliterno,RS,Rio Grande do Sul,Sul,1754
4312658,Não-Me-Toque,RS,Rio Grande do Sul,Sul,18335
4312674,Nicolau Vergueiro,RS,Rio Grande do Sul,Sul,1982
4312708,Nonoai,RS,Rio Grande do Sul,Sul,14074
4312757,Nova Alvorada,RS,Rio Grande do Sul,Sul,3229
4312807,Nova Araçá,RS,Rio Grande do Sul,Sul,5098
4312906,Nova Bassano,RS,Rio Grande do Sul,Sul,9867
4312955,Nova Boa Vista,RS,Rio Grande do Sul,Sul,2089
4313003,Nova Bréscia,RS,Rio Grande do Sul,Sul,3104
4313011,Nova Candelária,RS,Rio Grande do Sul,Sul,3138
4313037,Nova Esperança do Sul,RS,Rio Grande do Sul,Sul,4976
4313060,Nova Hartz,RS,Rio Grande do Sul,Sul,20558
4313086,Nova Pádua,RS,Rio Grande do Sul,Sul,2389
4313102,Nova Palma,RS,Rio Grande do Sul,Sul,5676
4313201,Nova Petrópolis,RS,Rio Grande do Sul,Sul,23934
4313300,Nova Prata,RS,Rio Grande do Sul,Sul,26637
4313334,Nova Ramada,RS,Rio Grande do Sul,Sul,2198
4313359,Nova Roma do Sul,RS,Rio Grande do Sul,Sul,3545
4313375,Nova Santa Rita,RS,Rio Grande do Sul,Sul,30189
4313391,Novo Cabrais,RS,Rio Grande do Sul,Sul,3633
4313409,Novo Hamburgo,RS,Rio Grande do Sul,Sul,235802
4313425,Novo Machado,RS,Rio Grande do Sul,Sul,3239
4313441,Novo Tiradentes,RS,Rio Grande do Sul,Sul,2187
4313466,Novo Xingu,RS,Rio Grande do Sul,Sul,1677
4313490,Novo Barreiro,RS,Rio Grande do Sul,Sul,4375
4313508,Osório,RS,Rio Grande do Sul,Sul,48999
4313607,Paim Filho,RS,Rio Grande do Sul,Sul,3685
4313656,Palmares do Sul,RS,Rio Grande do Sul,Sul,13189
4313706,Palmeira das Missões,RS,Rio Grande do Sul,Sul,34227
4313805,Palmitinho,RS,Rio Grande do Sul,Sul,8042
4313904,Panambi,RS,Rio Grande do Sul,Sul,45102
4313953,Pantano Grande,RS,Rio Grande do Sul,Sul,10443
4314001,Paraí,RS,Rio Grande do Sul,Sul,7362
4314027,Paraíso do Sul,RS,Rio Grande do Sul,Sul,6627
4314035,Pareci Novo,RS,Rio Grande do Sul,Sul,4441
4314050,Parobé,RS,Rio Grande do Sul,Sul,53569
4314068,Passa Sete,RS,Rio Grande do Sul,Sul,4024
4314076,Passo do Sobrado,RS,Rio Grande do Sul,Sul,6155
4314100,Passo Fundo,RS,Rio Grande do Sul,Sul,214811
4314134,Paulo Bento,RS,Rio Grande do Sul,Sul,2188
4314159,Paverama,RS,Rio Grande do Sul,Sul,8146
4314175,Pedras Altas,RS,Rio Grande do Sul,Sul,2099
4314209,Pedro Osório,RS,Rio Grande do Sul,Sul,7631
4314308,Pejuçara,RS,Rio Grande do Sul,Sul,3817
4314407,Pelotas,RS,Rio Grande do Sul,Sul,336150
4314423,Picada Café,RS,Rio Grande do Sul,Sul,5473
4314456,Pinhal,RS,Rio Grande do Sul,Sul,3039
4314464,Pinhal da Serra,RS,Rio Grande do Sul,Sul,2300
4314472,Pinhal Grande,RS,Rio Grande do Sul,Sul,3861
4314498,Pinheirinho do Vale,RS,Rio Grande do Sul,Sul,4638
4314506,Pinheiro Machado,RS,Rio Grande do Sul,Sul,11395
4314548,Pinto Bandeira,RS,Rio Grande do Sul,Sul,2785
4314555,Pirapó,RS,Rio Grande do Sul,Sul,2255
4314605,Piratini,RS,Rio Grande do Sul,Sul,17770
4314704,Planalto,RS,Rio Grande do Sul,Sul,10624
4314753,Poço das Antas,RS,Rio Grande do Sul,Sul,2224
4314779,Pontão,RS,Rio Grande do Sul,Sul,3345
4314787,Ponte Preta,RS,Rio Grande do Sul,Sul,1602
4314803,Portão,RS,Rio Grande do Sul,Sul,35273
4314902,Porto Alegre,RS,Rio Grande do Sul,Sul,1388794
4315008,Porto Lucena,RS,Rio Grande do Sul,Sul,4414
4315057,Porto Mauá,RS,Rio Grande do Sul,Sul,2173
4315073,Porto Vera Cruz,RS,Rio Grande do Sul,Sul,1582
4315107,Porto Xavier,RS,Rio Grande do Sul,Sul,10127
4315131,Pouso Novo,RS,Rio Grande do Sul,Sul,1771
4315149,Presidente Lucena,RS,Rio Grande do Sul,Sul,3166
4315156,Progresso,RS,Rio Grande do Sul,Sul,5423
4315172,Protásio Alves,RS,Rio Grande do Sul,Sul,2070
4315206,Putinga,RS,Rio Grande do Sul,Sul,3809
4315305,Quaraí,RS,Rio Grande do Sul,Sul,23995
4315313,Quatro Irmãos,RS,Rio Grande do Sul,Sul,1577
4315321,Quevedos,RS,Rio Grande do Sul,Sul,2553
4315354,Quinze de Novembro,RS,Rio Grande do Sul,Sul,4003
4315404,Redentora,RS,Rio Grande do Sul,Sul,9931
4315453,Relvado,RS,Rio Grande do Sul,Sul,1826
4315503,Restinga Sêca,RS,Rio Grande do Sul,Sul,15205
4315552,Rio dos Índios,RS,Rio Grande do Sul,Sul,2866
4315602,Rio Grande,RS,Rio Grande do Sul,Sul,198935
4315701,Rio Pardo,RS,Rio Grande do Sul,Sul,35641
4315750,Riozinho,RS,Rio Grande do Sul,Sul,4574
4315800,Roca Sales,RS,Rio Grande do Sul,Sul,10646
4315909,Rodeio Bonito,RS,Rio Grande do Sul,Sul,6831
4315958,Rolador,RS,Rio Grande do Sul,Sul,2330
4316006,Rolante,RS,Rio Grande do Sul,Sul,21752
4316105,Ronda Alta,RS,Rio Grande do Sul,Sul,9969
4316204,Rondinha,RS,Rio Grande do Sul,Sul,5078
4316303,Roque Gonzales,RS,Rio Grande do Sul,Sul,6693
4316402,Rosário do Sul,RS,Rio Grande do Sul,Sul,37674
4316428,Sagrada Família,RS,Rio Grande do Sul,Sul,2528
4316436,Saldanha Marinho,RS,Rio Grande do Sul,Sul,2619
4316451,Salto do Jacuí,RS,Rio Grande do Sul,Sul,10357
4316477,Salvador das Missões,RS,Rio Grande do Sul,Sul,2955
4316501,Salvador do Sul,RS,Rio Grande do Sul,Sul,7184
4316600,Sananduva,RS,Rio Grande do Sul,Sul,16770
4316709,Santa Bárbara do Sul,RS,Rio Grande do Sul,Sul,8269
4316733,Santa Cecília do Sul,RS,Rio Grande do Sul,Sul,1710
4316758,Santa Clara do Sul,RS,Rio Grande do Sul,Sul,7079
4316808,Santa Cruz do Sul,RS,Rio Grande do Sul,Sul,138270
4316907,Santa Maria,RS,Rio Grande do Sul,Sul,282395
4316956,Santa Maria do Herval,RS,Rio Grande do Sul,Sul,6486
4316972,Santa Margarida do Sul,RS,Rio Grande do Sul,Sul,2661
4317004,Santana da Boa Vista,RS,Rio Grande do Sul,Sul,7128
4317103,Sant'Ana do Livramento,RS,Rio Grande do Sul,Sul,87329
4317202,Santa Rosa,RS,Rio Grande do Sul,Sul,79488
4317251,Santa Tereza,RS,Rio Grande do Sul,Sul,1529
4317301,Santa Vitória do Palmar,RS,Rio Grande do Sul,Sul,31965
4317400,Santiago,RS,Rio Grande do Sul,Sul,50336
4317509,Santo Ângelo,RS,Rio Grande do Sul,Sul,79146
4317558,Santo Antônio do Palma,RS,Rio Grande do Sul,Sul,2134
4317608,Santo Antônio da Patrulha,RS,Rio Grande do Sul,Sul,44431
4317707,Santo Antônio das Missões,RS,Rio Grande do Sul,Sul,10485
4317756,Santo Antônio do Planalto,RS,Rio Grande do Sul,Sul,2138
4317806,Santo Augusto,RS,Rio Grande do Sul,Sul,14196
4317905,Santo Cristo,RS,Rio Grande do Sul,Sul,15667
4317954,Santo Expedito do Sul,RS,Rio Grande do Sul,Sul,2395
4318002,São Borja,RS,Rio Grande do Sul,Sul,61311
4318051,São Domingos do Sul,RS,Rio Grande do Sul,Sul,2806
4318101,São Francisco de Assis,RS,Rio Grande do Sul,Sul,17934
4318200,São Francisco de Paula,RS,Rio Grande do Sul,Sul,22388
4318309,São Gabriel,RS,Rio Grande do Sul,Sul,60090
4318408,São Jerônimo,RS,Rio Grande do Sul,Sul,21412
4318424,São João da Urtiga,RS,Rio Grande do Sul,Sul,4547
4318432,São João do Polêsine,RS,Rio Grande do Sul,Sul,2708
4318440,São Jorge,RS,Rio Grande do Sul,Sul,2976
4318457,São José das Missões,RS,Rio Grande do Sul,Sul,2399
4318465,São José do Herval,RS,Rio Grande do Sul,Sul,1931
4318481,São José do Hortêncio,RS,Rio Grande do Sul,Sul,4555
4318499,São José do Inhacorá,RS,Rio Grande do Sul,Sul,2466
4318507,São José do Norte,RS,Rio Grande do Sul,Sul,26248
4318606,São José do Ouro,RS,Rio Grande do Sul,Sul,6978
4318614,São José do Sul,RS,Rio Grande do Sul,Sul,2443
4318622,São José dos Ausentes,RS,Rio Grande do Sul,Sul,4295
4318705,São Leopoldo,RS,Rio Grande do Sul,Sul,225737
4318804,São Lourenço do Sul,RS,Rio Grande do Sul,Sul,43278
4318903,São Luiz Gonzaga,RS,Rio Grande do Sul,Sul,35865
4319000,São Marcos,RS,Rio Grande do Sul,Sul,21549
4319109,São Martinho,RS,Rio Grande do Sul,Sul,5587
4319125,São Martinho da Serra,RS,Rio Grande do Sul,Sul,2908
4319158,São Miguel das Missões,RS,Rio Grande do Sul,Sul,7193
4319208,São Nicolau,RS,Rio Grande do Sul,Sul,5243
4319307,São Paulo das Missões,RS,Rio Grande do Sul,Sul,5943
4319356,São Pedro da Serra,RS,Rio Grande do Sul,Sul,3618
4319364,São Pedro das Missões,RS,Rio Grande do Sul,Sul,1790
4319372,São Pedro do Butiá,RS,Rio Grande do Sul,Sul,3142
4319406,São Pedro do Sul,RS,Rio Grande do Sul,Sul,15863
4319505,São Sebastião do Caí,RS,Rio Grande do Sul,Sul,24898
4319604,São Sepé,RS,Rio Grande do Sul,Sul,21551
4319703,São Valentim,RS,Rio Grande do Sul,Sul,3320
4319711,São Valentim do Sul,RS,Rio Grande do Sul,Sul,2255
4319737,São Valério do Sul,RS,Rio Grande do Sul,Sul,2593
4319752,São Vendelino,RS,Rio Grande do Sul,Sul,2309
4319802,São Vicente do Sul,RS,Rio Grande do Sul,Sul,8257
4319901,Sapiranga,RS,Rio Grande do Sul,Sul,77935
4320008,Sapucaia do Sul,RS,Rio Grande do Sul,Sul,136572
4320107,Sarandi,RS,Rio Grande do Sul,Sul,23374
4320206,Seberi,RS,Rio Grande do Sul,Sul,12325
4320230,Sede Nova,RS,Rio Grande do Sul,Sul,2750
4320263,Segredo,RS,Rio Grande do Sul,Sul,6098
4320305,Selbach,RS,Rio Grande do Sul,Sul,5222
4320321,Senador Salgado Filho,RS,Rio Grande do Sul,Sul,2725
4320354,Sentinela do Sul,RS,Rio Grande do Sul,Sul,5424
4320404,Serafina Corrêa,RS,Rio Grande do Sul,Sul,17407
4320453,Sério,RS,Rio Grande do Sul,Sul,2089
4320503,Sertão,RS,Rio Grande do Sul,Sul,5630
4320552,Sertão Santana,RS,Rio Grande do Sul,Sul,5989
4320578,Sete de Setembro,RS,Rio Grande do Sul,Sul,1881
4320602,Severiano de Almeida,RS,Rio Grande do Sul,Sul,3463
4320651,Silveira Martins,RS,Rio Grande do Sul,Sul,2056
4320677,Sinimbu,RS,Rio Grande do Sul,Sul,8685
4320701,Sobradinho,RS,Rio Grande do Sul,Sul,14512
4320800,Soledade,RS,Rio Grande do Sul,Sul,30939
4320859,Tabaí,RS,Rio Grande do Sul,Sul,4569
4320909,Tapejara,RS,Rio Grande do Sul,Sul,25256
4321006,Tapera,RS,Rio Grande do Sul,Sul,10824
4321105,Tapes,RS,Rio Grande do Sul,Sul,14920
4321204,Taquara,RS,Rio Grande do Sul,Sul,54353
4321303,Taquari,RS,Rio Grande do Sul,Sul,25963
4321329,Taquaruçu do Sul,RS,Rio Grande do Sul,Sul,3192
4321352,Tavares,RS,Rio Grande do Sul,Sul,5319
4321402,Tenente Portela,RS,Rio Grande do Sul,Sul,14820
4321436,Terra de Areia,RS,Rio Grande do Sul,Sul,10575
4321451,Teutônia,RS,Rio Grande do Sul,Sul,34023
4321469,Tio Hugo,RS,Rio Grande do Sul,Sul,3358
4321477,Tiradentes do Sul,RS,Rio Grande do Sul,Sul,5188
4321493,Toropi,RS,Rio Grande do Sul,Sul,2594
4321501,Torres,RS,Rio Grande do Sul,Sul,43344
4321600,Tramandaí,RS,Rio Grande do Sul,Sul,56430
4321626,Travesseiro,RS,Rio Grande do Sul,Sul,2192
4321634,Três Arroios,RS,Rio Grande do Sul,Sul,2636
4321667,Três Cachoeiras,RS,Rio Grande do Sul,Sul,11224
4321709,Três Coroas,RS,Rio Grande do Sul,Sul,24428
4321808,Três de Maio,RS,Rio Grande do Sul,Sul,25466
4321832,Três Forquilhas,RS,Rio Grande do Sul,Sul,2813
4321857,Três Palmeiras,RS,Rio Grande do Sul,Sul,4829
4321907,Três Passos,RS,Rio Grande do Sul,Sul,26304
4321956,Trindade do Sul,RS,Rio Grande do Sul,Sul,7785
4322004,Triunfo,RS,Rio Grande do Sul,Sul,28435
4322103,Tucunduva,RS,Rio Grande do Sul,Sul,5646
4322152,Tunas,RS,Rio Grande do Sul,Sul,3732
4322186,Tupanci do Sul,RS,Rio Grande do Sul,Sul,1396
4322202,Tupanciretã,RS,Rio Grande do Sul,Sul,20324
4322251,Tupandi,RS,Rio Grande do Sul,Sul,5172
4322301,Tuparendi,RS,Rio Grande do Sul,Sul,8535
4322327,Turuçu,RS,Rio Grande do Sul,Sul,3488
4322343,Ubiretama,RS,Rio Grande do Sul,Sul,2025
4322350,União da Serra,RS,Rio Grande do Sul,Sul,1183
4322376,Unistalda,RS,Rio Grande do Sul,Sul,2047
4322400,Uruguaiana,RS,Rio Grande do Sul,Sul,120819
4322509,Vacaria,RS,Rio Grande do Sul,Sul,66146
4322525,Vale Verde,RS,Rio Grande do Sul,Sul,3213
4322533,Vale do Sol,RS,Rio Grande do Sul,Sul,10069
4322541,Vale Real,RS,Rio Grande do Sul,Sul,6223
4322558,Vanini,RS,Rio Grande do Sul,Sul,2047
4322608,Venâncio Aires,RS,Rio Grande do Sul,Sul,70842
4322707,Vera Cruz,RS,Rio Grande do Sul,Sul,27670
4322806,Veranópolis,RS,Rio Grande do Sul,Sul,24554
4322855,Vespasiano Corrêa,RS,Rio Grande do Sul,Sul,1851
4322905,Viadutos,RS,Rio Grande do Sul,Sul,4847
4323002,Viamão,RS,Rio Grande do Sul,Sul,231996
4323101,Vicente Dutra,RS,Rio Grande do Sul,Sul,4741
4323200,Victor Graeff,RS,Rio Grande do Sul,Sul,2829
4323309,Vila Flores,RS,Rio Grande do Sul,Sul,3741
4323358,Vila Lângaro,RS,Rio Grande do Sul,Sul,2121
4323408,Vila Maria,RS,Rio Grande do Sul,Sul,4515
4323457,Vila Nova do Sul,RS,Rio Grande do Sul,Sul,3932
4323507,Vista Alegre,RS,Rio Grande do Sul,Sul,2710
4323606,Vista Alegre do Prata,RS,Rio Grande do Sul,Sul,1624
4323705,Vista Gaúcha,RS,Rio Grande do Sul,Sul,2843
4323754,Vitória das Missões,RS,Rio Grande do Sul,Sul,3316
4323770,Westfália,RS,Rio Grande do Sul,Sul,3223
4323804,Xangri-lá,RS,Rio Grande do Sul,Sul,16949
5000203,Água Clara,MS,Mato Grosso do Sul,Centro-Oeste,17901
5000252,Alcinópolis,MS,Mato Grosso do Sul,Centro-Oeste,4649
5000609,Amambai,MS,Mato Grosso do Sul,Centro-Oeste,41751
5000708,Anastácio,MS,Mato Grosso do Sul,Centro-Oeste,24781
5000807,Anaurilândia,MS,Mato Grosso do Sul,Centro-Oeste,7688
5000856,Angélica,MS,Mato Grosso do Sul,Centro-Oeste,11308
5000906,Antônio João,MS,Mato Grosso do Sul,Centro-Oeste,9717
5001003,Aparecida do Taboado,MS,Mato Grosso do Sul,Centro-Oeste,29826
5001102,Aquidauana,MS,Mato Grosso do Sul,Centro-Oeste,48689
5001243,Aral Moreira,MS,Mato Grosso do Sul,Centro-Oeste,11125
5001508,Bandeirantes,MS,Mato Grosso do Sul,Centro-Oeste,8342
5001904,Bataguassu,MS,Mato Grosso do Sul,Centro-Oeste,24222
5002001,Batayporã,MS,Mato Grosso do Sul,Centro-Oeste,10947
5002100,Bela Vista,MS,Mato Grosso do Sul,Centro-Oeste,21881
5002159,Bodoquena,MS,Mato Grosso do Sul,Centro-Oeste,8887
5002209,Bonito,MS,Mato Grosso do Sul,Centro-Oeste,25034
5002308,Brasilândia,MS,Mato Grosso do Sul,Centro-Oeste,11833
5002407,Caarapó,MS,Mato Grosso do Sul,Centro-Oeste,32748
5002605,Camapuã,MS,Mato Grosso do Sul,Centro-Oeste,13928
5002704,Campo Grande,MS,Mato Grosso do Sul,Centro-Oeste,962883
5002803,Caracol,MS,Mato Grosso do Sul,Centro-Oeste,5096
5002902,Cassilândia,MS,Mato Grosso do Sul,Centro-Oeste,21565
5002951,Chapadão do Sul,MS,Mato Grosso do Sul,Centro-Oeste,34606
5003108,Corguinho,MS,Mato Grosso do Sul,Centro-Oeste,4892
5003157,Coronel Sapucaia,MS,Mato Grosso do Sul,Centro-Oeste,14685
5003207,Corumbá,MS,Mato Grosso do Sul,Centro-Oeste,98751
5003256,Costa Rica,MS,Mato Grosso do Sul,Centro-Oeste,28740
5003306,Coxim,MS,Mato Grosso do Sul,Centro-Oeste,33440
5003454,Deodápolis,MS,Mato Grosso do Sul,Centro-Oeste,14317
5003488,Dois Irmãos do Buriti,MS,Mato Grosso do Sul,Centro-Oeste,11521
5003504,Douradina,MS,Mato Grosso do Sul,Centro-Oeste,5768
5003702,Dourados,MS,Mato Grosso do Sul,Centro-Oeste,264017
5003751,Eldorado,MS,Mato Grosso do Sul,Centro-Oeste,11622
5003801,Fátima do Sul,MS,Mato Grosso do Sul,Centro-Oeste,21504
5003900,Figueirão,MS,Mato Grosso do Sul,Centro-Oeste,3751
5004007,Glória de Dourados,MS,Mato Grosso do Sul,Centro-Oeste,10817
5004106,Guia Lopes da Laguna,MS,Mato Grosso do Sul,Centro-Oeste,10116
5004304,Iguatemi,MS,Mato Grosso do Sul,Centro-Oeste,13960
5004403,Inocência,MS,Mato Grosso do Sul,Centro-Oeste,8764
5004502,Itaporã,MS,Mato Grosso do Sul,Centro-Oeste,25263
5004601,Itaquiraí,MS,Mato Grosso do Sul,Centro-Oeste,20060
5004700,Ivinhema,MS,Mato Grosso do Sul,Centro-Oeste,30001
5004809,Japorã,MS,Mato Grosso do Sul,Centro-Oeste,8441
5004908,Jaraguari,MS,Mato Grosso do Sul,Centro-Oeste,7480
5005004,Jardim,MS,Mato Grosso do Sul,Centro-Oeste,24504
5005103,Jateí,MS,Mato Grosso do Sul,Centro-Oeste,3596
5005152,Juti,MS,Mato Grosso do Sul,Centro-Oeste,7067
5005202,Ladário,MS,Mato Grosso do Sul,Centro-Oeste,22425
5005251,Laguna Carapã,MS,Mato Grosso do Sul,Centro-Oeste,7037
5005400,Maracaju,MS,Mato Grosso do Sul,Centro-Oeste,48073
5005608,Miranda,MS,Mato Grosso do Sul,Centro-Oeste,26512
5005681,Mundo Novo,MS,Mato Grosso do Sul,Centro-Oeste,20087
5005707,Naviraí,MS,Mato Grosso do Sul,Centro-Oeste,53014
5005806,Nioaque,MS,Mato Grosso do Sul,Centro-Oeste,13354
5006002,Nova Alvorada do Sul,MS,Mato Grosso do Sul,Centro-Oeste,23409
5006200,Nova Andradina,MS,Mato Grosso do Sul,Centro-Oeste,50848
5006259,Novo Horizonte do Sul,MS,Mato Grosso do Sul,Centro-Oeste,4801
5006275,Paraíso das Águas,MS,Mato Grosso do Sul,Centro-Oeste,5842
5006309,Paranaíba,MS,Mato Grosso do Sul,Centro-Oeste,42638
5006358,Paranhos,MS,Mato Grosso do Sul,Centro-Oeste,13368
5006408,Pedro Gomes,MS,Mato Grosso do Sul,Centro-Oeste,6910
5006606,Ponta Porã,MS,Mato Grosso do Sul,Centro-Oeste,98598
5006903,Porto Murtinho,MS,Mato Grosso do Sul,Centro-Oeste,12721
5007109,Ribas do Rio Pardo,MS,Mato Grosso do Sul,Centro-Oeste,24152
5007208,Rio Brilhante,MS,Mato Grosso do Sul,Centro-Oeste,40419
5007307,Rio Negro,MS,Mato Grosso do Sul,Centro-Oeste,4921
5007406,Rio Verde de Mato Grosso,MS,Mato Grosso do Sul,Centro-Oeste,20454
5007505,Rochedo,MS,Mato Grosso do Sul,Centro-Oeste,5451
5007554,Santa Rita do Pardo,MS,Mato Grosso do Sul,Centro-Oeste,7165
5007695,São Gabriel do Oeste,MS,Mato Grosso do Sul,Centro-Oeste,32207
5007703,Sete Quedas,MS,Mato Grosso do Sul,Centro-Oeste,11322
5007802,Selvíria,MS,Mato Grosso do Sul,Centro-Oeste,8716
5007901,Sidrolândia,MS,Mato Grosso do Sul,Centro-Oeste,49735
5007935,Sonora,MS,Mato Grosso do Sul,Centro-Oeste,14813
5007950,Tacuru,MS,Mato Grosso do Sul,Centro-Oeste,11205
5007976,Taquarussu,MS,Mato Grosso do Sul,Centro-Oeste,3740
5008008,Terenos,MS,Mato Grosso do Sul,Centro-Oeste,18182
5008305,Três Lagoas,MS,Mato Grosso do Sul,Centro-Oeste,143523
5008404,Vicentina,MS,Mato Grosso do Sul,Centro-Oeste,6505
5100102,Acorizal,MT,Mato Grosso,Centro-Oeste,4948
5100201,Água Boa,MT,Mato Grosso,Centro-Oeste,32099
5100250,Alta Floresta,MT,Mato Grosso,Centro-Oeste,62158
5100300,Alto Araguaia,MT,Mato Grosso,Centro-Oeste,17751
5100359,Alto Boa Vista,MT,Mato Grosso,Centro-Oeste,5920
5100409,Alto Garças,MT,Mato Grosso,Centro-Oeste,13956
5100508,Alto Paraguai,MT,Mato Grosso,Centro-Oeste,7525
5100607,Alto Taquari,MT,Mato Grosso,Centro-Oeste,11877
5100805,Apiacás,MT,Mato Grosso,Centro-Oeste,8693
5101001,Araguaiana,MT,Mato Grosso,Centro-Oeste,4005
5101209,Araguainha,MT,Mato Grosso,Centro-Oeste,997
5101258,Araputanga,MT,Mato Grosso,Centro-Oeste,14805
5101308,Arenápolis,MT,Mato Grosso,Centro-Oeste,10769
5101407,Aripuanã,MT,Mato Grosso,Centro-Oeste,26558
5101605,Barão de Melgaço,MT,Mato Grosso,Centro-Oeste,7137
5101704,Barra do Bugres,MT,Mato Grosso,Centro-Oeste,29406
5101803,Barra do Garças,MT,Mato Grosso,Centro-Oeste,73878
5101837,Boa Esperança do Norte,,,,5877
5101852,Bom Jesus do Araguaia,MT,Mato Grosso,Centro-Oeste,7912
5101902,Brasnorte,MT,Mato Grosso,Centro-Oeste,17645
5102504,Cáceres,MT,Mato Grosso,Centro-Oeste,91767
5102603,Campinápolis,MT,Mato Grosso,Centro-Oeste,15808
5102637,Campo Novo do Parecis,MT,Mato Grosso,Centro-Oeste,51722
5102678,Campo Verde,MT,Mato Grosso,Centro-Oeste,49053
5102686,Campos de Júlio,MT,Mato Grosso,Centro-Oeste,9946
5102694,Canabrava do Norte,MT,Mato Grosso,Centro-Oeste,4451
5102702,Canarana,MT,Mato Grosso,Centro-Oeste,28324
5102793,Carlinda,MT,Mato Grosso,Centro-Oeste,10260
5102850,Castanheira,MT,Mato Grosso,Centro-Oeste,7392
5103007,Chapada dos Guimarães,MT,Mato Grosso,Centro-Oeste,19458
5103056,Cláudia,MT,Mato Grosso,Centro-Oeste,9301
5103106,Cocalinho,MT,Mato Grosso,Centro-Oeste,6495
5103205,Colíder,MT,Mato Grosso,Centro-Oeste,32054
5103254,Colniza,MT,Mato Grosso,Centro-Oeste,26026
5103304,Comodoro,MT,Mato Grosso,Centro-Oeste,18469
5103353,Confresa,MT,Mato Grosso,Centro-Oeste,38460
5103361,Conquista D'Oeste,MT,Mato Grosso,Centro-Oeste,3908
5103379,Cotriguaçu,MT,Mato Grosso,Centro-Oeste,10030
5103403,Cuiabá,MT,Mato Grosso,Centro-Oeste,691875
5103437,Curvelândia,MT,Mato Grosso,Centro-Oeste,4970
5103452,Denise,MT,Mato Grosso,Centro-Oeste,6675
5103502,Diamantino,MT,Mato Grosso,Centro-Oeste,22623
5103601,Dom Aquino,MT,Mato Grosso,Centro-Oeste,7890
5103700,Feliz Natal,MT,Mato Grosso,Centro-Oeste,10523
5103809,Figueirópolis D'Oeste,MT,Mato Grosso,Centro-Oeste,3056
5103858,Gaúcha do Norte,MT,Mato Grosso,Centro-Oeste,9397
5103908,General Carneiro,MT,Mato Grosso,Centro-Oeste,6319
5103957,Glória D'Oeste,MT,Mato Grosso,Centro-Oeste,2878
5104104,Guarantã do Norte,MT,Mato Grosso,Centro-Oeste,31209
5104203,Guiratinga,MT,Mato Grosso,Centro-Oeste,10252
5104500,Indiavaí,MT,Mato Grosso,Centro-Oeste,2172
5104526,Ipiranga do Norte,MT,Mato Grosso,Centro-Oeste,8658
5104542,Itanhangá,MT,Mato Grosso,Centro-Oeste,8257
5104559,Itaúba,MT,Mato Grosso,Centro-Oeste,5201
5104609,Itiquira,MT,Mato Grosso,Centro-Oeste,12587
5104807,Jaciara,MT,Mato Grosso,Centro-Oeste,29803
5104906,Jangada,MT,Mato Grosso,Centro-Oeste,7413
5105002,Jauru,MT,Mato Grosso,Centro-Oeste,7881
5105101,Juara,MT,Mato Grosso,Centro-Oeste,36089
5105150,Juína,MT,Mato Grosso,Centro-Oeste,48396
5105176,Juruena,MT,Mato Grosso,Centro-Oeste,10057
5105200,Juscimeira,MT,Mato Grosso,Centro-Oeste,11622
5105234,Lambari D'Oeste,MT,Mato Grosso,Centro-Oeste,4662
5105259,Lucas do Rio Verde,MT,Mato Grosso,Centro-Oeste,95792
5105309,Luciara,MT,Mato Grosso,Centro-Oeste,2616
5105507,Vila Bela da Santíssima Trindade,MT,Mato Grosso,Centro-Oeste,17592
5105580,Marcelândia,MT,Mato Grosso,Centro-Oeste,11355
5105606,Matupá,MT,Mato Grosso,Centro-Oeste,21959
5105622,Mirassol d'Oeste,MT,Mato Grosso,Centro-Oeste,27637
5105903,Nobres,MT,Mato Grosso,Centro-Oeste,15796
5106000,Nortelândia,MT,Mato Grosso,Centro-Oeste,5890
5106109,Nossa Senhora do Livramento,MT,Mato Grosso,Centro-Oeste,11658
5106158,Nova Bandeirantes,MT,Mato Grosso,Centro-Oeste,14340
5106174,Nova Nazaré,MT,Mato Grosso,Centro-Oeste,4575
5106182,Nova Lacerda,MT,Mato Grosso,Centro-Oeste,7072
5106190,Nova Santa Helena,MT,Mato Grosso,Centro-Oeste,4502
5106208,Nova Brasilândia,MT,Mato Grosso,Centro-Oeste,3791
5106216,Nova Canaã do Norte,MT,Mato Grosso,Centro-Oeste,11734
5106224,Nova Mutum,MT,Mato Grosso,Centro-Oeste,63455
5106232,Nova Olímpia,MT,Mato Grosso,Centro-Oeste,16204
5106240,Nova Ubiratã,MT,Mato Grosso,Centro-Oeste,9760
5106257,Nova Xavantina,MT,Mato Grosso,Centro-Oeste,25915
5106265,Novo Mundo,MT,Mato Grosso,Centro-Oeste,6368
5106273,Novo Horizonte do Norte,MT,Mato Grosso,Centro-Oeste,3267
5106281,Novo São Joaquim,MT,Mato Grosso,Centro-Oeste,7239
5106299,Paranaíta,MT,Mato Grosso,Centro-Oeste,12079
5106307,Paranatinga,MT,Mato Grosso,Centro-Oeste,28870
5106315,Novo Santo Antônio,MT,Mato Grosso,Centro-Oeste,2041
5106372,Pedra Preta,MT,Mato Grosso,Centro-Oeste,18946
5106422,Peixoto de Azevedo,MT,Mato Grosso,Centro-Oeste,33754
5106455,Planalto da Serra,MT,Mato Grosso,Centro-Oeste,3328
5106505,Poconé,MT,Mato Grosso,Centro-Oeste,31203
5106653,Pontal do Araguaia,MT,Mato Grosso,Centro-Oeste,7441
5106703,Ponte Branca,MT,Mato Grosso,Centro-Oeste,2098
5106752,Pontes e Lacerda,MT,Mato Grosso,Centro-Oeste,55762
5106778,Porto Alegre do Norte,MT,Mato Grosso,Centro-Oeste,12649
5106802,Porto dos Gaúchos,MT,Mato Grosso,Centro-Oeste,5705
5106828,Porto Esperidião,MT,Mato Grosso,Centro-Oeste,10088
5106851,Porto Estrela,MT,Mato Grosso,Centro-Oeste,3141
5107008,Poxoréu,MT,Mato Grosso,Centro-Oeste,25103
5107040,Primavera do Leste,MT,Mato Grosso,Centro-Oeste,96006
5107065,Querência,MT,Mato Grosso,Centro-Oeste,31100
5107107,São José dos Quatro Marcos,MT,Mato Grosso,Centro-Oeste,17721
5107156,Reserva do Cabaçal,MT,Mato Grosso,Centro-Oeste,2020
5107180,Ribeirão Cascalheira,MT,Mato Grosso,Centro-Oeste,10541
5107198,Ribeirãozinho,MT,Mato Grosso,Centro-Oeste,2733
5107206,Rio Branco,MT,Mato Grosso,Centro-Oeste,4440
5107248,Santa Carmem,MT,Mato Grosso,Centro-Oeste,5795
5107263,Santo Afonso,MT,Mato Grosso,Centro-Oeste,2416
5107297,São José do Povo,MT,Mato Grosso,Centro-Oeste,2716
5107305,São José do Rio Claro,MT,Mato Grosso,Centro-Oeste,14455
5107354,São José do Xingu,MT,Mato Grosso,Centro-Oeste,6234
5107404,São Pedro da Cipa,MT,Mato Grosso,Centro-Oeste,4250
5107578,Rondolândia,MT,Mato Grosso,Centro-Oeste,3518
5107602,Rondonópolis,MT,Mato Grosso,Centro-Oeste,263708
5107701,Rosário Oeste,MT,Mato Grosso,Centro-Oeste,15041
5107743,Santa Cruz do Xingu,MT,Mato Grosso,Centro-Oeste,2904
5107750,Salto do Céu,MT,Mato Grosso,Centro-Oeste,3657
5107768,Santa Rita do Trivelato,MT,Mato Grosso,Centro-Oeste,3536
5107776,Santa Terezinha,MT,Mato Grosso,Centro-Oeste,7737
5107792,Santo Antônio do Leste,MT,Mato Grosso,Centro-Oeste,4244
5107800,Santo Antônio de Leverger,MT,Mato Grosso,Centro-Oeste,16839
5107859,São Félix do Araguaia,MT,Mato Grosso,Centro-Oeste,14604
5107875,Sapezal,MT,Mato Grosso,Centro-Oeste,32514
5107883,Serra Nova Dourada,MT,Mato Grosso,Centro-Oeste,1941
5107909,Sinop,MT,Mato Grosso,Centro-Oeste,223780
5107925,Sorriso,MT,Mato Grosso,Centro-Oeste,124665
5107941,Tabaporã,MT,Mato Grosso,Centro-Oeste,9895
5107958,Tangará da Serra,MT,Mato Grosso,Centro-Oeste,114603
5108006,Tapurah,MT,Mato Grosso,Centro-Oeste,15638
5108055,Terra Nova do Norte,MT,Mato Grosso,Centro-Oeste,10591
5108105,Tesouro,MT,Mato Grosso,Centro-Oeste,2935
5108204,Torixoréu,MT,Mato Grosso,Centro-Oeste,4238
5108303,União do Sul,MT,Mato Grosso,Centro-Oeste,3904
5108352,Vale de São Domingos,MT,Mato Grosso,Centro-Oeste,2892
5108402,Várzea Grande,MT,Mato Grosso,Centro-Oeste,318922
5108501,Vera,MT,Mato Grosso,Centro-Oeste,10758
5108600,Vila Rica,MT,Mato Grosso,Centro-Oeste,19686
5108808,Nova Guarita,MT,Mato Grosso,Centro-Oeste,4546
5108857,Nova Marilândia,MT,Mato Grosso,Centro-Oeste,3731
5108907,Nova Maringá,MT,Mato Grosso,Centro-Oeste,5705
5108956,Nova Monte Verde,MT,Mato Grosso,Centro-Oeste,8470
5200050,Abadia de Goiás,GO,Goiás,Centro-Oeste,22052
5200100,Abadiânia,GO,Goiás,Centro-Oeste,17738
5200134,Acreúna,GO,Goiás,Centro-Oeste,22079
5200159,Adelândia,GO,Goiás,Centro-Oeste,2282
5200175,Água Fria de Goiás,GO,Goiás,Centro-Oeste,4979
5200209,Água Limpa,GO,Goiás,Centro-Oeste,1843
5200258,Águas Lindas de Goiás,GO,Goiás,Centro-Oeste,245352
5200308,Alexânia,GO,Goiás,Centro-Oeste,28244
5200506,Aloândia,GO,Goiás,Centro-Oeste,1977
5200555,Alto Horizonte,GO,Goiás,Centro-Oeste,6487
5200605,Alto Paraíso de Goiás,GO,Goiás,Centro-Oeste,11182
5200803,Alvorada do Norte,GO,Goiás,Centro-Oeste,8619
5200829,Amaralina,GO,Goiás,Centro-Oeste,3267
5200852,Americano do Brasil,GO,Goiás,Centro-Oeste,5260
5200902,Amorinópolis,GO,Goiás,Centro-Oeste,2906
5201108,Anápolis,GO,Goiás,Centro-Oeste,420300
5201207,Anhanguera,GO,Goiás,Centro-Oeste,913
5201306,Anicuns,GO,Goiás,Centro-Oeste,18306
5201405,Aparecida de Goiânia,GO,Goiás,Centro-Oeste,556021
5201454,Aparecida do Rio Doce,GO,Goiás,Centro-Oeste,3045
5201504,Aporé,GO,Goiás,Centro-Oeste,4488
5201603,Araçu,GO,Goiás,Centro-Oeste,3840
5201702,Aragarças,GO,Goiás,Centro-Oeste,18601
5201801,Aragoiânia,GO,Goiás,Centro-Oeste,12806
5202155,Araguapaz,GO,Goiás,Centro-Oeste,7152
5202353,Arenópolis,GO,Goiás,Centro-Oeste,2904
5202502,Aruanã,GO,Goiás,Centro-Oeste,8570
5202601,Aurilândia,GO,Goiás,Centro-Oeste,3237
5202809,Avelinópolis,GO,Goiás,Centro-Oeste,2993
5203104,Baliza,GO,Goiás,Centro-Oeste,3306
5203203,Barro Alto,GO,Goiás,Centro-Oeste,10853
5203302,Bela Vista de Goiás,GO,Goiás,Centro-Oeste,37305
5203401,Bom Jardim de Goiás,GO,Goiás,Centro-Oeste,7775
5203500,Bom Jesus de Goiás,GO,Goiás,Centro-Oeste,24925
5203559,Bonfinópolis,GO,Goiás,Centro-Oeste,11025
5203575,Bonópolis,GO,Goiás,Centro-Oeste,3289
5203609,Brazabrantes,GO,Goiás,Centro-Oeste,4201
5203807,Britânia,GO,Goiás,Centro-Oeste,5798
5203906,Buriti Alegre,GO,Goiás,Centro-Oeste,10930
5203939,Buriti de Goiás,GO,Goiás,Centro-Oeste,2800
5203962,Buritinópolis,GO,Goiás,Centro-Oeste,3140
5204003,Cabeceiras,GO,Goiás,Centro-Oeste,7689
5204102,Cachoeira Alta,GO,Goiás,Centro-Oeste,11854
5204201,Cachoeira de Goiás,GO,Goiás,Centro-Oeste,1417
5204250,Cachoeira Dourada,GO,Goiás,Centro-Oeste,7762
5204300,Caçu,GO,Goiás,Centro-Oeste,14034
5204409,Caiapônia,GO,Goiás,Centro-Oeste,16628
5204508,Caldas Novas,GO,Goiás,Centro-Oeste,106820
5204557,Caldazinha,GO,Goiás,Centro-Oeste,4819
5204607,Campestre de Goiás,GO,Goiás,Centro-Oeste,3879
5204656,Campinaçu,GO,Goiás,Centro-Oeste,3760
5204706,Campinorte,GO,Goiás,Centro-Oeste,12983
5204805,Campo Alegre de Goiás,GO,Goiás,Centro-Oeste,7807
5204854,Campo Limpo de Goiás,GO,Goiás,Centro-Oeste,8579
5204904,Campos Belos,GO,Goiás,Centro-Oeste,18227
5204953,Campos Verdes,GO,Goiás,Centro-Oeste,3822
5205000,Carmo do Rio Verde,GO,Goiás,Centro-Oeste,9988
5205059,Castelândia,GO,Goiás,Centro-Oeste,2871
5205109,Catalão,GO,Goiás,Centro-Oeste,122760
5205208,Caturaí,GO,Goiás,Centro-Oeste,5352
5205307,Cavalcante,GO,Goiás,Centro-Oeste,9730
5205406,Ceres,GO,Goiás,Centro-Oeste,22570
5205455,Cezarina,GO,Goiás,Centro-Oeste,8301
5205471,Chapadão do Céu,GO,Goiás,Centro-Oeste,14321
5205497,Cidade Ocidental,GO,Goiás,Centro-Oeste,101570
5205513,Cocalzinho de Goiás,GO,Goiás,Centro-Oeste,27196
5205521,Colinas do Sul,GO,Goiás,Centro-Oeste,4188
5205703,Córrego do Ouro,GO,Goiás,Centro-Oeste,2441
5205802,Corumbá de Goiás,GO,Goiás,Centro-Oeste,10724
5205901,Corumbaíba,GO,Goiás,Centro-Oeste,9484
5206206,Cristalina,GO,Goiás,Centro-Oeste,66827
5206305,Cristianópolis,GO,Goiás,Centro-Oeste,3670
5206404,Crixás,GO,Goiás,Centro-Oeste,17532
5206503,Cromínia,GO,Goiás,Centro-Oeste,3999
5206602,Cumari,GO,Goiás,Centro-Oeste,2951
5206701,Damianópolis,GO,Goiás,Centro-Oeste,3917
5206800,Damolândia,GO,Goiás,Centro-Oeste,2753
5206909,Davinópolis,GO,Goiás,Centro-Oeste,1889
5207105,Diorama,GO,Goiás,Centro-Oeste,1991
5207253,Doverlândia,GO,Goiás,Centro-Oeste,6823
5207352,Edealina,GO,Goiás,Centro-Oeste,4104
5207402,Edéia,GO,Goiás,Centro-Oeste,11982
5207501,Estrela do Norte,GO,Goiás,Centro-Oeste,3214
5207535,Faina,GO,Goiás,Centro-Oeste,7167
5207600,Fazenda Nova,GO,Goiás,Centro-Oeste,5842
5207808,Firminópolis,GO,Goiás,Centro-Oeste,10274
5207907,Flores de Goiás,GO,Goiás,Centro-Oeste,14273
5208004,Formosa,GO,Goiás,Centro-Oeste,121559
5208103,Formoso,GO,Goiás,Centro-Oeste,4662
5208152,Gameleira de Goiás,GO,Goiás,Centro-Oeste,3563
5208301,Divinópolis de Goiás,GO,Goiás,Centro-Oeste,4405
5208400,Goianápolis,GO,Goiás,Centro-Oeste,14758
5208509,Goiandira,GO,Goiás,Centro-Oeste,4962
5208608,Goianésia,GO,Goiás,Centro-Oeste,78009
5208707,Goiânia,GO,Goiás,Centro-Oeste,1503256
5208806,Goianira,GO,Goiás,Centro-Oeste,81495
5208905,Goiás,GO,Goiás,Centro-Oeste,24172
5209101,Goiatuba,GO,Goiás,Centro-Oeste,36984
5209150,Gouvelândia,GO,Goiás,Centro-Oeste,4313
5209200,Guapó,GO,Goiás,Centro-Oeste,20985
5209291,Guaraíta,GO,Goiás,Centro-Oeste,2170
5209408,Guarani de Goiás,GO,Goiás,Centro-Oeste,4091
5209457,Guarinos,GO,Goiás,Centro-Oeste,2154
5209606,Heitoraí,GO,Goiás,Centro-Oeste,3342
5209705,Hidrolândia,GO,Goiás,Centro-Oeste,30587
5209804,Hidrolina,GO,Goiás,Centro-Oeste,3477
5209903,Iaciara,GO,Goiás,Centro-Oeste,10289
5209937,Inaciolândia,GO,Goiás,Centro-Oeste,6076
5209952,Indiara,GO,Goiás,Centro-Oeste,17985
5210000,Inhumas,GO,Goiás,Centro-Oeste,53884
5210109,Ipameri,GO,Goiás,Centro-Oeste,26223
5210158,Ipiranga de Goiás,GO,Goiás,Centro-Oeste,2968
5210208,Iporá,GO,Goiás,Centro-Oeste,37283
5210307,Israelândia,GO,Goiás,Centro-Oeste,2515
5210406,Itaberaí,GO,Goiás,Centro-Oeste,47603
5210562,Itaguari,GO,Goiás,Centro-Oeste,5120
5210604,Itaguaru,GO,Goiás,Centro-Oeste,4837
5210802,Itajá,GO,Goiás,Centro-Oeste,4276
5210901,Itapaci,GO,Goiás,Centro-Oeste,21891
5211008,Itapirapuã,GO,Goiás,Centro-Oeste,8133
5211206,Itapuranga,GO,Goiás,Centro-Oeste,26553
5211305,Itarumã,GO,Goiás,Centro-Oeste,6124
5211404,Itauçu,GO,Goiás,Centro-Oeste,7636
5211503,Itumbiara,GO,Goiás,Centro-Oeste,113322
5211602,Ivolândia,GO,Goiás,Centro-Oeste,2731
5211701,Jandaia,GO,Goiás,Centro-Oeste,6365
5211800,Jaraguá,GO,Goiás,Centro-Oeste,46633
5211909,Jataí,GO,Goiás,Centro-Oeste,111634
5212006,Jaupaci,GO,Goiás,Centro-Oeste,2939
5212055,Jesúpolis,GO,Goiás,Centro-Oeste,2112
5212105,Joviânia,GO,Goiás,Centro-Oeste,7247
5212204,Jussara,GO,Goiás,Centro-Oeste,19926
5212253,Lagoa Santa,GO,Goiás,Centro-Oeste,1435
5212303,Leopoldo de Bulhões,GO,Goiás,Centro-Oeste,9123
5212501,Luziânia,GO,Goiás,Centro-Oeste,221262
5212600,Mairipotaba,GO,Goiás,Centro-Oeste,2631
5212709,Mambaí,GO,Goiás,Centro-Oeste,8493
5212808,Mara Rosa,GO,Goiás,Centro-Oeste,10806
5212907,Marzagão,GO,Goiás,Centro-Oeste,2942
5212956,Matrinchã,GO,Goiás,Centro-Oeste,4004
5213004,Maurilândia,GO,Goiás,Centro-Oeste,10145
5213053,Mimoso de Goiás,GO,Goiás,Centro-Oeste,2626
5213087,Minaçu,GO,Goiás,Centro-Oeste,26616
5213103,Mineiros,GO,Goiás,Centro-Oeste,74999
5213400,Moiporá,GO,Goiás,Centro-Oeste,1687
5213509,Monte Alegre de Goiás,GO,Goiás,Centro-Oeste,6534
5213707,Montes Claros de Goiás,GO,Goiás,Centro-Oeste,9024
5213756,Montividiu,GO,Goiás,Centro-Oeste,13094
5213772,Montividiu do Norte,GO,Goiás,Centro-Oeste,3743
5213806,Morrinhos,GO,Goiás,Centro-Oeste,54326
5213855,Morro Agudo de Goiás,GO,Goiás,Centro-Oeste,2505
5213905,Mossâmedes,GO,Goiás,Centro-Oeste,4626
5214002,Mozarlândia,GO,Goiás,Centro-Oeste,15199
5214051,Mundo Novo,GO,Goiás,Centro-Oeste,6202
5214101,Mutunópolis,GO,Goiás,Centro-Oeste,3540
5214408,Nazário,GO,Goiás,Centro-Oeste,8349
5214507,Nerópolis,GO,Goiás,Centro-Oeste,34273
5214606,Niquelândia,GO,Goiás,Centro-Oeste,33890
5214705,Nova América,GO,Goiás,Centro-Oeste,2380
5214804,Nova Aurora,GO,Goiás,Centro-Oeste,2132
5214838,Nova Crixás,GO,Goiás,Centro-Oeste,13153
5214861,Nova Glória,GO,Goiás,Centro-Oeste,8356
5214879,Nova Iguaçu de Goiás,GO,Goiás,Centro-Oeste,3084
5214903,Nova Roma,GO,Goiás,Centro-Oeste,3022
5215009,Nova Veneza,GO,Goiás,Centro-Oeste,9883
5215207,Novo Brasil,GO,Goiás,Centro-Oeste,3567
5215231,Novo Gama,GO,Goiás,Centro-Oeste,107663
5215256,Novo Planalto,GO,Goiás,Centro-Oeste,3703
5215306,Orizona,GO,Goiás,Centro-Oeste,17035
5215405,Ouro Verde de Goiás,GO,Goiás,Centro-Oeste,4109
5215504,Ouvidor,GO,Goiás,Centro-Oeste,7665
5215603,Padre Bernardo,GO,Goiás,Centro-Oeste,37207
5215652,Palestina de Goiás,GO,Goiás,Centro-Oeste,3113
5215702,Palmeiras de Goiás,GO,Goiás,Centro-Oeste,34375
5215801,Palmelo,GO,Goiás,Centro-Oeste,2266
5215900,Palminópolis,GO,Goiás,Centro-Oeste,3959
5216007,Panamá,GO,Goiás,Centro-Oeste,2432
5216304,Paranaiguara,GO,Goiás,Centro-Oeste,7356
5216403,Paraúna,GO,Goiás,Centro-Oeste,10727
5216452,Perolândia,GO,Goiás,Centro-Oeste,2999
5216809,Petrolina de Goiás,GO,Goiás,Centro-Oeste,9519
5216908,Pilar de Goiás,GO,Goiás,Centro-Oeste,2254
5217104,Piracanjuba,GO,Goiás,Centro-Oeste,25373
5217203,Piranhas,GO,Goiás,Centro-Oeste,11940
5217302,Pirenópolis,GO,Goiás,Centro-Oeste,28028
5217401,Pires do Rio,GO,Goiás,Centro-Oeste,33736
5217609,Planaltina,GO,Goiás,Centro-Oeste,112304
5217708,Pontalina,GO,Goiás,Centro-Oeste,18763
5218003,Porangatu,GO,Goiás,Centro-Oeste,45512
5218052,Porteirão,GO,Goiás,Centro-Oeste,4276
5218102,Portelândia,GO,Goiás,Centro-Oeste,3191
5218300,Posse,GO,Goiás,Centro-Oeste,36291
5218391,Professor Jamil,GO,Goiás,Centro-Oeste,3750
5218508,Quirinópolis,GO,Goiás,Centro-Oeste,50329
5218607,Rialma,GO,Goiás,Centro-Oeste,12665
5218706,Rianápolis,GO,Goiás,Centro-Oeste,3893
5218789,Rio Quente,GO,Goiás,Centro-Oeste,4033
5218805,Rio Verde,GO,Goiás,Centro-Oeste,241494
5218904,Rubiataba,GO,Goiás,Centro-Oeste,20186
5219001,Sanclerlândia,GO,Goiás,Centro-Oeste,8085
5219100,Santa Bárbara de Goiás,GO,Goiás,Centro-Oeste,6306
5219209,Santa Cruz de Goiás,GO,Goiás,Centro-Oeste,3004
5219258,Santa Fé de Goiás,GO,Goiás,Centro-Oeste,5047
5219308,Santa Helena de Goiás,GO,Goiás,Centro-Oeste,39601
5219357,Santa Isabel,GO,Goiás,Centro-Oeste,3543
5219407,Santa Rita do Araguaia,GO,Goiás,Centro-Oeste,5765
5219456,Santa Rita do Novo Destino,GO,Goiás,Centro-Oeste,2611
5219506,Santa Rosa de Goiás,GO,Goiás,Centro-Oeste,2828
5219605,Santa Tereza de Goiás,GO,Goiás,Centro-Oeste,3172
5219704,Santa Terezinha de Goiás,GO,Goiás,Centro-Oeste,10837
5219712,Santo Antônio da Barra,GO,Goiás,Centro-Oeste,4279
5219738,Santo Antônio de Goiás,GO,Goiás,Centro-Oeste,8066
5219753,Santo Antônio do Descoberto,GO,Goiás,Centro-Oeste,75221
5219803,São Domingos,GO,Goiás,Centro-Oeste,9457
5219902,São Francisco de Goiás,GO,Goiás,Centro-Oeste,6507
5220009,São João d'Aliança,GO,Goiás,Centro-Oeste,15026
5220058,São João da Paraúna,GO,Goiás,Centro-Oeste,1812
5220108,São Luís de Montes Belos,GO,Goiás,Centro-Oeste,35288
5220157,São Luiz do Norte,GO,Goiás,Centro-Oeste,4939
5220207,São Miguel do Araguaia,GO,Goiás,Centro-Oeste,22040
5220264,São Miguel do Passa Quatro,GO,Goiás,Centro-Oeste,4671
5220280,São Patrício,GO,Goiás,Centro-Oeste,2200
5220405,São Simão,GO,Goiás,Centro-Oeste,17181
5220454,Senador Canedo,GO,Goiás,Centro-Oeste,175042
5220504,Serranópolis,GO,Goiás,Centro-Oeste,8237
5220603,Silvânia,GO,Goiás,Centro-Oeste,23150
5220686,Simolândia,GO,Goiás,Centro-Oeste,5634
5220702,Sítio d'Abadia,GO,Goiás,Centro-Oeste,2978
5221007,Taquaral de Goiás,GO,Goiás,Centro-Oeste,4180
5221080,Teresina de Goiás,GO,Goiás,Centro-Oeste,2660
5221197,Terezópolis de Goiás,GO,Goiás,Centro-Oeste,8340
5221304,Três Ranchos,GO,Goiás,Centro-Oeste,2976
5221403,Trindade,GO,Goiás,Centro-Oeste,153560
5221452,Trombas,GO,Goiás,Centro-Oeste,3080
5221502,Turvânia,GO,Goiás,Centro-Oeste,4449
5221551,Turvelândia,GO,Goiás,Centro-Oeste,5171
5221577,Uirapuru,GO,Goiás,Centro-Oeste,2798
5221601,Uruaçu,GO,Goiás,Centro-Oeste,44533
5221700,Uruana,GO,Goiás,Centro-Oeste,13857
5221809,Urutaí,GO,Goiás,Centro-Oeste,3700
5221858,Valparaíso de Goiás,GO,Goiás,Centro-Oeste,218416
5221908,Varjão,GO,Goiás,Centro-Oeste,3770
5222005,Vianópolis,GO,Goiás,Centro-Oeste,15644
5222054,Vicentinópolis,GO,Goiás,Centro-Oeste,9175
5222203,Vila Boa,GO,Goiás,Centro-Oeste,4145
5222302,Vila Propício,GO,Goiás,Centro-Oeste,6028
5300108,Brasília,DF,Distrito Federal,Centro-Oeste,2996899
